
5








6,7




15


5,6
5,6
15,14
15,14,16
15,14,16
6
15,16,20,17
15,16,20,17
15,16,20,17
24,25

3
3
3

3,5,4,6
3,5,4,6
26
26
14,16


30,28
30,28,6
30,28,6




6
6,11
6,11,10

13
10,28
28,29
13
13
13
9
9,6
23
6,31
23,16
3
16,14
3,6
16,14,26
6,5
6,5,32
6,5,32,31
16,27
16,27,20
16,17
16,22
22
22
22
22
22,24
22,24
22,24
22,24
22,24
22,24
22,24
22,24
22,24
22,24
22,24
22,24
22,24
22,24
22,24
22,24
22,24
22,24
22,24
22,24
22,24
22,24
22,24
22,24
22,24
22,24
22,24
22,24
22,24
22,24
22,24
22,24,18



11,10
11,10,7
10,7,9

10,7,9,8
8,6
8,6
8,6
12
8,6,29,30
8,6,29,30
16
16
16,15,13
29,30,32,31
16,15,13,21
32,3
32,3,28
15,13,21,27
28



19


4
28

4
4,3
4,3,30
4,3,30
4,3,30,7,8
4,3,30,7,8,6

3,7,8,6,29
25
25,21



23,19,18
21

28
28
28,7,8

28,7,8,11
28,7,8,11

16

5
5,4
16,21

11
11,3

4
4
4,8,7
4,8,7
29




5,4
5,4
4,32,31

16
16,25
32,31
16,25,27


6,7

12
6,11
6,11
11,3,4
11,3,4,5
11,3,4,5,7
19
19
4,5,7,8
4,7,8,28
7,8,28,3
7,8,28,3,29
16,14
16,14

29
29,8
8,3
8,3

3,4
13
13,19
13,19,27

26
26
26
7

7,2
7,1
7,1
23
23,24
1,4,3
1,4,3,10
1,4,3,10,5
1,4,3,10,5
1,4,3,10,5,6,7
24,18
18,27
18,27,20
27,20,22
10,6
10,28
10,28
20,22,14

4
4
18
18,12
18,12,22

11

12



7,6,5
7,6,5
7,6,5





18,22,20,15
18,22,20,15



27

3
26
26,14

9
9,8
9,8,7
9,8,7,5

14
14,27






1,2
1,2

3


7
7,6
7,6
7,6,2,1

12
12,13
12,13

9

18

29


28
31
30
24
25
26


4,3
4,3,1

26



9
9
9,10,11
9,10,11
9,10,11,3,5
9,10,11,3,5
9,10,11,3,5,6
9,10,11,3,5,6

18
9,10,11
9,10,11,7
9,10,11,7,28
9,10,11,7,28
9,10,11,7,28
7,28,3,2,1
7,28,3,2,1,5
7,28,3,2,1,5

18
18,20




25,19,14,12
7
7,1
7,1
7,1,10,11
7,1,10,11
10,11,5,6
10,11,5,6,9
10,11,5,6,9
10,11,5,6,9
10,11,5,6,9,4,3,2
10,11,5,6,9,4,3,2,8
10,11,5,6,9,4,3,2,8
10,11,5,6,9,4,3,2,8,31,32
19,14,12
19,14,12
19,14,12,25,23
25,23,15
25,23,15
25,23,15
25,23,15,24,26,27
15,24,26,27,20
15,24,26,27,20

10
15,27,25
15,27,25
10,11
10,11
10,11,4,3

13

30
13,18

1
32
32
26
7,6
7,6,28
7,6,28,32
27
27
24,26
26,27
26,27

6
6
6,4,3
6,4,3,5
6,4,3,5
6,4,3,5

4,3,5,2,32,1

12
12
2,32,1,6
12,16,14
12,16,14,27
12,16,14,27,26
12,16,14,27,26



25,23
25,23,18
25,23,18,19


7,6
7,6
7,6

20


4,3
4,3
4,3,5,6
4,3,5,6,7
4,3,5,6,7,2
4,5,6,7,2,29
4,5,6,2,29,30
4,5,6,2,29,30

18
18,27
18,27
2,29,30,8,9
18,27,25,23
29,8,9,31
18,27,25,23,26
18,23,26,20
18,26,20,19
28
28,4
28,4
28,4,29,5
28,4,29,5,6
20,19
20,19
23,15


2,1
2,1
2,1
2,1
2,1,29,32,31,30
2,1,29,32,31,30,5
2,1,29,32,31,30,5,8
2,1,29,32,31,30,5,8,3
2,1,29,32,31,30,5,8,3

21
21,27
21,27,23
21,27,23,14

28
28

24


31,30
31,30,9
31,30,9,10
31,30,9,10,11


9,10,11,8
25,27
25,27,14
1
1,2
1,2
1,2,28,29
1,2,28,29,4
1,2,28,29,4
25,27,15
25,27,15,22
22,23
4,6,5
4,6,5
4,6,5,2,1
6,5,2,1,28
22,23
6,5,2,1,28,3
6,5,2,1,28,3,29
22,23,27
6,5,2,1,28,3,29,30
5,2,1,28,3,29,30,10
5,2,1,28,3,29,30,10
23,27,19
23,27,12
23,12
29,30,10
12,20
12,20,13
12,20,13,27
30,28
28,8
28,8
28,8,31,30
20,13,27,25
20,13,25,23
20,23,15
3
3
23,15
23,19


1,4

25
6
25,26
28
28,9
28,9,10
28,9,10,32
28,9,10,32,8


32,8,30
12,14
12,14,21
28



8,9




5,3



5




9
9,8
9,8,3
9,8,3,5


3,5,2
3,5,2
15,14
3,5,2,6,7
3,5,2,6,7
15,14,23
15,14,23
15,14,23
15,14,23
15,14,19
8,9
8,9,10
19
10,7
10,7,32
10,7,32,6

19
19,26

3
19
14


3,7
3,7,2
3,7,2,5
3,7,2,5

20
20,24

29
29
29,11,10

15
29,11,10,30
29,30,32
29,30,32
29,30,32
15,18
30,32,3,6,5
30,32,3,6,5
15,18,14
15,18,14,27
3,6,5,2,1
3,6,5,2,1
15,18,14,27,26
15,18,14,27,26,25
15,18,14,27,26,25,23
15,18,14,27,26,25,23,19
15,18,14,27,26,25,23,19
6,2,1,31,30
6,2,1,31,30,3
2,1,31,30,3,5
2,1,31,30,3,5,8
15,18,27,25,23,19,22,20
15,18,27,25,23,19,22,20
31,30,3,5,8,9
31,30,3,5,8,9,11
31,30,5,8,9,11,10
18,27,23,19,22,20,26,24
18,27,23,19,22,20,26,24,21
18,27,19,22,26,24,21,15
27,19,22,26,24,21,15,25
27,19,22,26,24,21,15,25
27,19,22,26,24,21,15,25,23,20
19,22,26,24,21,15,25,23,20,14
22,26,24,21,15,25,23,14,13
22,26,24,15,25,23,14,13,19
22,26,24,15,25,23,14,13,21
22,26,15,25,23,14,13

3
3,31

29
29,8
29,8,3

3,5
22
22,20










































29,28
29,28,3
29,28,3,31
29,3,31,30

26
31,32
26,25
32,3
25,19
3,6
3,6
3,6,10,9
19,24
24
10,9,7
10,9,7,6
10,9,7,6,30
10,9,7,6,30
24,25
15
15,25
15,25
15,25,14,12
2,1
1,7
15,25,14,12,18
15,25,14,12,18,24
15,25,24,26


6,5
6,5,1
15,24,26,20
24,26,20,21

8
8,9
8,9
8,9
8,9
8,9,5,3,7,6

8,9,5,3,7,6,2
8,9,5,3,7,6,2
8,9,5,3,7,6,2,32,31
8,9,5,3,7,6,2,32,31
8,9,5,3,7,6,2,32,31
18
18,21
18,21,25
25,27
25,27
25,27,22,20
25,27,22,20
25,27,22,20,23,18
25,27,22,20,23,18
25,27,22,20,23,18
25,27,22,20,23,18
25,27,22,20,23,18,21,19,12,14
25,27,22,20,23,18,21,19,12,14
25,27,22,20,23,18,21,19,12,14

25,27,22,20,23,18,21,19,12,14,13
25,27,22,20,18,21,19,12,14,13,26
25,27,22,20,18,21,19,12,14,13,26,24
1
1,8
27,13,26,24,23
13,25
13,25,16



5,6,7
5,6,7,3
5,6,7,3,10
5,6,7,3,10,1
5,6,7,3,10,1,2
16
15
15
10
15,26,25
15,25
15,25


10,11
10,11,30
10,11,30

28,29


28,29,30
28,29,30
28,29,30
27,15
27,15,19
27,15,19,20






1
1
1
1,8,10,9
1,8,10,9,5
1,5,6

25

28
28,10

10,32
10,32,6
10,32,6,3
10,32,6,3
10,32,6,3,1,2
10,32,6,3,1,2,7
25
25,22
25,22,19
25,22,19,13




19,21

28
28,29
28,29,30
28,29,30,11
29,30,11,3
29,30,11,3,6

26
26,23
26,23,21
26,23,21,15




11
11
11




32
32,11
32,11
32,11
32,11,3,7,6
32,11,3,7,6,5

15
3,7,6,5,2
15,26
15,16
15,16,27
15,27,14
15,27,14
15,27,14
15,27,14
15,27,14
15,27,14
15,27,14
15,27,14
15,27,14
15,27,14
15,27,14
15,27,14
15,27,14
8
15,27,14
15,27,14
8,3
15,27,14
15,27,14
8,3,5
15,27,14
15,27,14
27,14
27,14
27,14
27,14
27,14
27,14
27,14
27,14
8,3,5,6
8,3,5,6
27,14
27,14
27,14
27,14
27,14
27,14
8,3,5,6,2,1
8,3,5,6,2,1
14
14
14
14
14
14
14
14
14
14
14
14
14
14
14
14
8,2,1
8,2,1,28


8,2,1,28,3
24,26
24,26


5

7




8

5
5,6
5,6
5,6,29
5,6,29
5,6,29,10,8
5,6,29,10,8,9

20
20
20,18,15



10


19
19,18


15
15,26

5

18

9
9
19
18

3
5
28
28
28,2,1

2,1
2,1,29
2,1,29,3

5
6
27
6,28
6,28
6,28,32,31

6,32,31,3
6,32,31,3,5
32,31,3,5,7
3,5,7,10
24
24,27
24,27
10,28
10,28
10,28,8,7
27,15
8,7,9
8,7,9
8,7,9,5,6
7,9,5,6,11
7,9,5,6,11,10
27,15,26
27,15,26,19
5,6,11,10,32
5,6,11,10,32
5,6,11,10,32
19,18
19,18,26
19,18,26,20
20
20,14


29,28
24
24

1
1,5
5,6
5,6
22,20


16
16,25
16,25

28


10
10,5
10,5,11
10,5,11,2
10,5,11,2
27
27,14
14,16
14,16,19
14,16,19,25
14,16,19,25,12

14,16,19,25,12,13
2
2,3
2,3
2,3,5,6
2,3,5,6
16,25,12,13,27
16,12,13,26
16,12,13,26,25
1,32
1,32,5
16,26,25,15
5,6
5,6
16,26,15,24
26,15,24,27
26,15,24,27,19

28
28,3
28,3
28,3,5,6
28,3,5,6,10
28,3,5,6,10
28,3,5,6,10
28,3,5,6,10,1,8,2
19
19
28,3,5,6,10,1,8,2,9
28,3,5,6,10,1,8,2,9,7
28,3,5,6,10,1,8,2,9,7,29
28,3,5,6,10,1,8,2,9,7,29,11
28,3,5,6,10,1,8,2,9,7,29,11,30
16,14
16,14,27
16,14,27,12
2,11,30,31
2,11,30,31
12,13
12,13,22
12,13,22
12,13,22,25,27
12,13,22,25,27,14
30,28
30,28
12,13,22,25,27,14,23
12,13,22,25,27,14,23,21
8,7
8,7,28
8,7,28
25,27,23,21
25,27,23,21,14
25,27,23,21,14,15

30
32



5
5,3
5,3,29
5,3,29,31
5,3,29,31,1
5,3,1,30
5,3,1,30,10

5,3,1,30,10,28
26
26,24
26,24,23
26,24,23
26,24,23,20,18
20,18

1
1,10

10,7
10,7
23
23,12

6
6,30
6,30,32
6,30,32,31
6,30,32,31,3
6,30,32,31,3,5
6,30,32,31,3,5,1
6,30,32,31,3,5,1,2
6,30,32,31,3,5,1,2,7
6,30,32,31,3,5,1,2,7,29
6,30,32,31,3,5,1,2,7,29,10
6,30,31,3,5,1,2,7,29,10,8

24
6,3,5,1,2,7,29,10,8,28
24,21
24,21,18
24,21,18,20
24,21,18,20,22
24,21,18,20,22,15
24,21,18,20,22,15,14
24,21,18,20,22,15,14,23
28,9
28,9
9,2,1
9,2,1,10
9,2,1,10,8
9,2,1,10,8,3
23,12
26
26,25
26,25,13
10,8
8,32
32,3
26,25,13,12
32,3,29
32,3,29
32,3,29
32,3,29
32,29,8,7,5,6
32,29,8,7,5,6
26,13,12,14
26,14,25
26,14,25,27
8,7,5,6,2,1
8,7,5,6,2,1
8,7,5,6,2,1
8,7,5,6,2,1,11,10,9
5,6,11,10,9,3
14,27,20
14,27,20,21
6,11,10,9,3
6,11,10,9,3
14,27,20,26
14,27,20,26
14,27,20,26
14,27,20,26
14,20,26,19,12,15,13
11,10,9,2,1
11,10,9,2,1
11,10,9,2,1
11,10,9,5,7,6
11,10,9,5,7,6
20,26,19,12,15,13,23
11,10,9,5,7,6,30,29
11,10,9,5,7,6,30,29,3
19,23,18
19,23,18,15
19,23,15,16
19,23,15,16


2,1
2,1,6
2,1,6
2,1,6,3,7
23,15,16,25,27
2,1,6,3,7,5
15,16,25,27,18
2,1,6,3,7,5,31
15,25,27,18,26
15,18,26
1,6
15,18,26
15,18,26
15,26,27
15,26,27
15,26,27,20
15,26,27,20
15,26,27,20
15,26,27,20
15,26,27,20
15,26,27,20
15,26,27,20
15,26,27,20
15,26,27,20
15,26,27,20,17,25
15,26,27,20,25,23
15,26,27,20,25,23
26,27,20,25,23
26,27,20,25,23
26,27,20,25,23
26,27,20,25,23
26,27,20,25,23
26,27,20,25,23
26,27,20,25,23
26,27,20,25,23
26,27,20,25,23,17
26,27,20,25,23,13
26,27,20,25,23,13
26,27,20,25,23,13
26,27,20,25,23,13
26,27,20,25,23,13
26,27,20,25,23,13
26,27,20,25,23,13
26,27,20,25,23,13
26,27,20,25,23,13
26,27,20,25,23,13
26,27,20,25,23,13
26,27,20,25,23,13
26,27,20,25,23,13
26,20,25,23,13
26,20,25,23,13
26,20,25,23,13
26,20,25,23,13
26,20,25,23,13
26,20,25,23,13


26,20,25,23,13
26,20,25,23,13
20,25,23,13
20,25,23,13
20,25,23,13
31,30
31,30,5
20,25,23,13
31,30,5,7
31,30,5,7
20,25,23,13
20,25,23,13
31,30,5,7,3,6
31,30,5,7,3,6,2
31,30,5,7,3,6,2,8
31,30,5,7,3,6,8,32
20
20,27
5,32,1
5,32,1,28
20,27,25
20,27,25
27,25,15,13
27,15,13,14
27,15,13,14
32,2
32,2
27,15,13,14,26,24
32,11,10
32,11,10,6
32,11,10,6,9
32,11,10,6,9
32,10,6,9,8,7
15,13,14,21
15,13,14,21,12
6,9,8,7,5
6,9,8,7,5,10
14,12,24
14,12,24
14,12,24
14,12,24
14,12,19
14,19,24
19,24,15

10



11,10

9

31
31,32

29
29,3
29,3,5
29,3,5
29,3,5
29,3,5,32,30,31
32,30,31,11

32,30,31,11,28
18
18
18
18,22,24,26
7
22,24,26,27
20
32
32,1
20
32,1,2
32,1,2
32,1,2,3,5
32,1,2,3,5
20,26
1,2,3,5,7,6
1,2,3,5,7,6
20,26,27
20,26,27,25
20,26,27,25,24
20,26,27,25,24
27,24,18,15


2,1
2,1,32
2,1,32
2,1,32
2,1,32
2,1,32,7,3,6,5
32,7,3,6,5,8
18,15,14
18,15,14,26
18,15,26
18,15,26
18,15,26
18,15,26
15,26,25,23,12,13
15,26,25,23,12,13
15,26,25,23,12,13

28
28,29
28,29
29,7,6
29,7,6,2

29,7,6,2,3
26
26,27
26,27
26,27,14,12
26,27,14,12,20
26,14,12,20,21







1,2

5
5,8
8,9
8,9


16,14

11




13
10,8,6
10,8,6
10,8,6,3,2
10,8,6,3,2,1
13,16
13,16
13,16
13,21,15
13,21,15
1,7
13,21,15
1,7,5
1,7,5,28
1,7,5,28
15,26
15,26
15,26
5,11,10
5,11,10
5,11,10,3,2
5,10,3,2,32
26
26,15
26,15
26,15,24

29

29,30
29,30
29,30,7,6
29,30,7,6,2
27
27,25
29,30,6,2,1
29,30,6,2,1
25,15
29,30,32,31
25,15,26
25,15,26,27
25,15,26,27,24
25,15,26,27,24
28
28
7,8
7,8,10

10,1
10,29
18
18,27




24


3,6
3,6,1
3,6,1,2
3,6,1,2,5
24,22
24,22,14
24,22,14,25
24,22,14,25,27

3


2
2,32
2,32

32
27
28
27,26
27,26


31,32
31,32

26
26,16
31,32,5,6
26,16,18
26,16,18,25
26,16,18,25,22
30
30
30,31,32
16,18,25,22,23
31,32,10
16,18,27
16,18,27
16,18,27,24,25
27,24,25,17

24,25,19

19,23
23,26
23,26
1
1
1,31,32
1,31,32,5
26
19
26




17
17

6
6,3
6,3,5

19
19,22
22,20
22,20
22,20,19

29
29
29
29
29
29,9,8,7,11,10
29,9,8,7,11,10

9,8,7,11,10,5,6
10,5,6,3
10,5,6,3
5,6,3,9,8
5,6,3,9,8,7
5,6,3,9,8,7
24
24,14
24,14,25
24,14,25
24,14,25
24,14,25




12
12,26
28,29
28,29,30
28,29,30,3
28,29,30,3
28,29,30,3,7,6

27
27
28,29
27,21,25


11
5

5,6
5,6
5,6,11,10
5,6,11,10
5,6,11,10,9,8
5,6,11,10,9,8
5,6,11,10,9,8,31,32
5,6,11,10,9,8,31,32
6,11,10,9,8,31,32,30,29
6,11,10,9,8,31,32,30,29


11,10,9,8,28,7
11,10,9,8,28,7
11,10,9,8,28,7
25,27
25,27,16
25,27,16,18
25,27,16,18
28,7,3,2,1
28,7,3,2,1,11
28,7,3,2,1,11,10
28,7,3,2,1,11,10,9
28,7,3,2,1,11,10,9,29
16,18,19,17
16,18,19,17,23
28,7,11,10,9,29,8
16,18,19,17,23,15
28,7,11,10,9,29,8,30
28,7,11,10,9,29,8,30
28,7,11,10,9,29,8,30,5,6
16,18,23,15,12
16,18,23,15,12,13
10,29,8,30,5,6,3
16,18,23,15,12,13,14
16,18,23,15,12,13,14,19
23,15,12,13,14,19,17
23,15,12,13,14,19,17,27
23,15,12,13,14,19,17,27
29,8,31
29,8,31,28
23,15,12,13,14,19,17,27,16,18
23,15,12,13,14,19,17,27,16,18,25
23,13,14,19,17,16,18,25,24
28,30
28,30
28,30
13,14,19,17,25,24,27
7,5,6
7,5,6
7,5,6,2,1
19,17,24,22
19,17,24,22
19,17,24,22
16,20,18
16,20,18
16,20,18

1
1
1,8,7
1,8,7,10
1,8,7,10
1,8,7,10
25,27
8,7,10,28,29,30
8,7,10,28,29,30,9
8,7,10,28,29,30,9
23
8,7,9,5,6
23,15
23,15
23,15
23,15,25,27,26
23,15,25,27,26,16
23,15,25,27,26,16
8,7,11
8,7,11
8,7,11,2,1
8,7,11,2,1,3
15,25,27,26,16,22
15,25,27,26,16,22,14
15,25,27,26,16,14,19
15,16,14,19,22
15,16,14,19,22

1
1,2
22,24,25
22,25,26

30
30
30,31,32
30,31,32,3
30,31,32,3,5

24
24,26



30
30,31

29
29,6
22
22
22
29,6,3
29,6,3
22,17,16,19
6,3,9,10
6,3,9,10,8
6,3,9,10,8,11
6,3,9,10,8,11
6,3,9,10,8,11,2,5
6,3,9,10,8,11,2,5,7
6,3,9,10,8,11,2,5,7
6,3,9,10,8,11,2,5,7,28,29
6,3,9,10,8,11,2,5,7,28,29
6,3,9,10,8,11,2,5,7,28,29,31,30
6,3,9,10,8,11,2,5,7,28,29,31,30
6,3,9,8,11,2,5,7,28,29,31,30,32,1
17,16,19
17,16,19,15
3,9,2,5,7,28,29,31,30,32,1,10
3,9,28,29,31,30,32,1,10,8
17,16,19,15,14
17,16,19,15,14
17,16,19,15,14
3,9,28,29,31,30,32,1,10,8,2
17,16,19,15,14,26,24,22
15,14,26,24,22,20
15,14,26,24,22,20,23
15,14,26,24,22,20,23
8,2,7
14,26,24,22,20,23,25,27
8,2,7,10
8,2,7,10,32
8,2,7,10,32,31
14,26,24,22,20,23,25,27,13
10,5
10,5
26,24,22,20,25,27,13,18
10,5,6,7
26,24,22,20,25,27,18,15
25,18,15,14
18,15,14,13
5,6,7,2
5,6,7,2,9
5,6,7,2,9,1
5,6,7,2,9,1,3
5,6,7,2,9,1,3,8
15,13,27
15,13,27,26
15,13,27,26,20
5,6,7,2
6,7,3
15,26,20,25
6,7,3,31
6,7,3,31
6,7,3,31
6,7,3,31
6,7,3,31,11,9,8,10
6,3,31,11,9,8,10,32
6,3,31,11,9,8,10,32,1
3,31,11,9,8,10,32,1,2
3,31,11,9,8,10,32,1,2,6
3,31,11,9,8,10,32,1,2,6,29
3,31,11,9,8,10,32,1,2,6,29,30


31,32,1,29,30,28
12,14
12,14,27
12,14,27
12,14,27
31,32,1,29,3
31,32,1,29,3
31,32,1,29,3
12,14,27,26,22,24
12,14,27,26,22,24
12,14,27,26,22,24
12,14,27,26,22,24,23,25,21
31,3,8,9,10
31,3,8,9,10
31,3,8,9,10,2,1
12,14,27,26,22,24,23,25,21,13
31,8,9,10,2,1,5
12,14,26,22,24,23,25,21,13,18
12,14,26,22,24,23,25,21,13,18
12,14,23,25,21,18,27,20
12,14,23,25,21,27,20,15
12,14,23,25,21,27,20,15
12,14,23,25,21,27,20,15,24,26
12,14,23,25,21,27,20,15,24,26,22
23,25,21,15,24,26,22,13
23,25,21,15,24,26,22,13


31,30
31,30,8

31,30,8,2
17
17,15
17,15,26
17,15,26,27

10
10,7
10,7,6
10,7,6,32
10,7,6,32,1
10,7,6,32,1
10,7,6,32,1,3,5

7,6,32,1,3,5,2
15
15,16
15,16,19
15,16,19,27
15,16,19,27
1,10
1,10,5
16,19,27,14,12
1,10,5,6
1,10,5,6
1,10,5,6,3,2
1,10,5,6,3,2,7
1,10,5,6,3,2,7,28
16,19,27,14,12,15
16,19,27,14,12,15,20
1,10,3,2,7,28,30
10,3,2,7,28,30,5
10,3,2,7,28,30,5,1
10,3,2,7,28,30,5,1
16,27,15,20,25
16,27,15,20,25,13
10,3,2,7,28,30,5,1,31,32
16,27,20,25,13,12
16,27,20,25,13,12,23
28,30,5,1,31,32,6
28,30,5,1,31,32,6
16,27,20,25,13,12,23,21
20,25,13,12,23,21,26
20,25,13,12,23,21,26
30,1,31,6,3,7
25,13,12,23,21,26,18,22
25,13,12,23,21,26,18,22,24
13,12,23,21,26,18,22,24,14
30,6,3,7,2
30,1,3,7,2
13,12,23,21,26,18,22,24,14,27
21,26,18,22,24,14,27,19
3,7,2,1,6
3,7,2,1,6,8
3,7,2,1,6,8
3,7,2,1,6,8
3,7,2,1,6,8,10,11,28
3,7,2,1,6,8,10,11,28,29
3,7,2,1,6,8,10,11,28,29,30
19,12
19,12,15
19,12,15
2,1,6,8,10,11,28,29,30,5
2,1,6,8,10,11,28,29,30,5
19,15,21,23
1,10,11,28,29,30,5,31,32
1,10,11,28,29,30,5,31,32
19,15,21,23,16
19,15,21,23,16,24
19,21,23,16,24,26
19,21,23,16,24,26,27
19,21,23,16,24,26,27
31,3,7
31,3,7
31,3,7,11,10
31,3,7,11,10,6
19,21,23,16,24,26,27,20,22
21,23,24,26,27,20,22,25
11,10,6,8
11,10,6,8,1
11,10,6,8,1,2
16
1,2,3
16,20
16,20,15
16,20,15,18
1,2,3,8
16,20,15,18,14
16,20,15,18,14,27
16,20,15,18,14,27,26
16,27,26,22
22,24

5
5,8
5,8
5,8,3,2

22
22
3,2,7
3,2,7,10
3,2,7,10
22,18,20
22,18,20,16
10,5,6
18,20,16,14
5,6,11
5,6,11
18,20,16,14,15
18,20,16,15,12
29
29
18,20,16,15,12,27
18,20,16,15,12,27,26
2,1
2,1,3
2,1,3,5
2,1,3,5,29
12,26
2,1,29,7
12,26,22
12,26,22,27
12,22,27,21
22,27,21,26

7
7,11
26
26,25
25,19

30


2
2,3

3,5
3,5,8
22
8,9
8,9
22,20
22,20,17






27

29
29,28
29,28,6
27
6,7
6,7,29
7,29,28
7,29,28
25
25
25
29,28,1,2
17,15,13
17,15,13,25
17,15,13,25,23
17,15,13,25,23
6
6,10
6,10,9
10,9,8
17,15,13,25,23,26,27
25,23,26,27,14
25,23,26,27,14,13
23,26,27,14,13,15
13,15,17
13,15,17



7,5,6
7,5,6,2
7,5,6,2,1
7,5,6,2,1
7,5,6,2,1,8,10


17,19
17,19
17,19


2,1
15
15


11,10
11,10,1

1,2



5,6
26
26
6
26,15,17

9
9,5
15,17,19
5,3
5,3,9
14
19
19,14
19,14,26


1


1
28


5

5,8
8,9
8,9,3
8,9,3,31
8,9,3,31
8,9,3,31
8,9,3,31,30,29,28
8,9,3,31,30,29,28,2
26
26,15
31,30,29,28,2,10
31,30,29,28,2,10
31,30,29,28,2,10
26,15,19
31,10,7,6,8
26,15,19,27
26,15,19,27,25
31,7,6,8,11
7,6,8,11,10
26,27,25,14
27,25,14,15
27,25,14,15,17
27,25,15,17,23
25,15,17,23,24
17,23,24,27
11
24,27
24,27,12
3
3,30
3,30
24,12,13
3,30,7,6
12,13,27
30,1
30,1,7
30,1,7
30,1,7,8,5
1,7,8,5,28
1,7,8,5,28,2
1,7,8,5,28,2,10

14
14,26

14,26,23
29
14,26,23,16
14,26,23,16,17
29,5
29,5,8
23,16,17,25
23,25,19
23,25,19
23,19,16,21

19,16,21,22
22,20






7,6
7,6

2,1
2,1
2,1
2,1,8,5,6




2,1
2,1,8
17,19,15,21
8,6
8,6,1
17,19,15,21,25
17,21,25,24
17,21,25,24
24,12,14

11
11,10






7,6
7,6
7,6,3,5
7,6,3,5
7,6,3,5
7,6,3,5,31,2,32
7,6,3,5,31,2,32,1
7,6,3,5,31,2,32,1,8
7,6,3,5,31,2,32,1,8,29
7,3,5,31,2,32,1,8,29,28

15
3,5,31,2,32,1,8,29,28,30
5,31,2,32,1,8,29,28,30,6
15,17
15,17,18
15,17,18
15,17,18,22,20
15,17,18,22,20,25
15,17,18,20,25,16
15,17,26
15,17,26

15,17,23,22
23,22
5
5
23,22
23,22
23,22,19,21
23,22,19,21,26
26,25

11
11,9
11,9,28

13







8,9
8,9
8,9,7,6
8,9,7,6,1
8,9,7,6,1,5
8,9,7,6,1,5,28

8,9,7,6,5,28,29
23
23,16
23,16
8,9,32
8,9,32,11
23,16,15,17
8,9,32,11,30
23,16,15,17,26
11,30,29
11,30,29,10
11,30,29,10
11,30,29,10
16,15,17,26,22
11,30,29,10,3,32,28
11,30,29,10,3,32,28,5
11,30,29,10,3,32,28,5,6
11,30,29,10,3,32,28,5,6,7
11,30,29,10,3,32,28,5,6,7
11,30,29,10,3,32,28,5,6,7,2,9
11,30,29,10,3,32,28,5,6,7,2,9,1
15,17,22,19
15,17,19,16
29,32,28,5,6,7,2,9,1,8
29,32,28,5,6,7,2,9,1,8
29,28,5,6,7,2,9,1,8,11,10
29,28,5,6,7,2,9,1,8,11,10,32
29,5,6,7,2,9,1,8,11,10,32,3
15,17,19,16,13
15,17,19,16,13
19,16,13,25,21
19,16,13,25,21,20
29,2,1,11,10,32,3,28
13,25,21,20,22
13,25,21,20,22,18
13,25,21,20,22,18,26
13,25,21,20,22,18,26
13,25,21,20,22,18,26,24,19
20,22,18,26,24,19,17
20,22,18,26,24,19,17,23

6
6,7
6,7,5
22,26,23,25
22,26,23,25
6,7,5,28
17,19
17,19
17,19,14,15
17,19,14,15,25

28
28

2,1
2,1
25
2,1,8,9
2,1,8,9,3
2,1,8,9,3
2,1,8,9,3,5,4
2,1,8,9,3,5,4
2,1,8,9,3,5,4
2,1,8,9,3,5,4
2,1,8,9,3,5,4,31,29,28,30
2,1,8,9,3,5,4,31,29,28,30,7
25,17
12
12,24
12,24,26
2,1,3,5,4,11
2,1,3,5,4,11
2,1,3,5,4,11,7,6
2,3,5,4,11,7,6,8
12,24,26,17
3,4,11,7,6,8,9
3,4,11,7,6,8,9
12,24,26,17,22
24,26,17,22,14
24,26,17,22,14
24,26,17,22,14,25,23
24,17,22,14,25,23,19
17,22,14,25,23,19,20
17,22,14,25,23,19,20
17,22,14,25,23,19,20,16,12






8

12

6
6,7
6,7,11

17
17,25


4,3
4,3
4,3
4,3,31,30,29
4,3,31,30,29,6
4,3,31,30,29,6,7
4,3,31,30,29,6,7,8
4,3,31,30,29,6,7,8,9
4,3,31,30,29,6,7,8,9
3,31,30,29,6,7,8,9,2,1
3,31,30,29,6,7,8,9,2,1
3,31,30,29,6,7,8,9,2,1,10,11
3,31,30,29,6,7,8,9,2,1,10,11,32
26
26,25
26,25,23
26,25,23,24
3,6,7,32,5
3,32,5,10
3,32,5,10
25,23,24,17
25,23,24,17,14
32,5,10,2,1
32,5,10,2,1
25,23,24,17,14,16
10,8,9
14,16,21
14,16,21,12
14,16,21,12
14,16,21,12,25,23
14,16,21,12,25,23
8,9,32
8,9,32
8,9,32
8,9,32,2,3,1
8,9,32,2,3,1
8,9,32,2,3,1
16,21,12,25,23,17,19
32,2,3,31,28,29
32,2,3,31,28,29
32,2,3,31,28,29
32,2,3,31,28,29,8,7,9
21,12,25,17,19,18
21,12,17,19,18,26
21,12,17,19,18,26
31,28,29,8,7,9,4
31,28,29,8,7,9,4
12,17,19,26,22,24
12,17,19,26,22,24
12,17,19,26,22,24,25,23
12,17,19,26,22,24,25,23
12,17,19,26,22,24,25,23
12,17,19,26,22,24,25,23,13,16,15
5,6
5,6,29
5,6,29,9
5,6,29,9
5,6,29,9,2,1
26,25,23,15
26,25,23,24
26,25,23,24,14
26,25,23,24,14
26,25,23,24,14,22,20
25,23,24,14,22,20,16
2,1
2,1
2,1,11,10
2,1,11,10,4
2,1,11,10,4
2,1,11,10,4
24,22,20,16,13
16,14
16,14,22
16,14,22
16,14,22,12,18



14,12,18
14,12,18
12,18,25,24


11
11,32
11,32

14
14
14,26,24

28
28,7
7,4
26,24,25
7,4,6
7,4,6,2
7,4,6,2,9
7,4,6,2,9,10
7,4,6,2,9,10,3
25,22
25,23
25,23

16



31,29


24,22

11
11,1
11,1
11,1,7,6
11,1,7,6,8
24,22,26
11,1,7,6,8,3
14
14,20
3,2
14,20,15
9
9
9
9,5,4,3
5,4,3,11
15,23
14
11,2
11,2
14,24
14,24,15
9,10
9,10
9,10,2,1
9,10,2,1,3
9,10,2,1,3
9,2,1,3,5,6
9,2,1,3,5,6
9,2,1,3,5,6,7,8


2,1,3,5,6,7,8,11
16,14
16,14,26
8,11,4
8,11,4,10
8,11,4,10,28
8,11,4,10,28
11,4,10,28,6,5
11,4,10,28,6,5
16,14,26,15
11,4,10,28,6,5,31,30
16,14,26,15,12
4,10,28,6,5,31,30,3
16,14,26,15,12,13
16,14,26,15,12,13,19
16,14,26,15,12,13,19
16,14,26,15,13,19,25,20
4,8
4,8
4,8,3,5
4,8,3,5,1
4,8,3,5,1,10
4,8,3,5,1,10,28
4,8,3,5,1,10,28
4,3,5,1,10,28,7,6
16,14,15,25,20,17
16,14,15,25,20,17,18
16,14,15,20,17,18,21
3,5,1,10,28,7,6,29
3,5,1,10,28,7,6,29
3,5,1,10,28,7,6,29
3,5,1,10,28,7,6,29
3,5,1,10,28,7,6,29,4,8,11,9
3,5,1,10,28,7,6,29,4,8,11,9
3,5,1,10,28,7,6,29,4,8,11,9,30,32
3,5,1,10,28,7,6,29,4,8,11,9,30,32,2
24
1,28,29,2,31
1,28,29,2,31,4
1,2,31,4,30
24,16
24,16
24,16,21,23
16,21,23,22
4,30,6
4,30,6,31
4,30,6,31
4,30,6,31,8,28
4,30,6,31,8,28
21,23,22,26
21,23,22,26,15
21,23,22,26,15,12
30,31,8,28,2,1
21,23,15,12,13
21,23,15,12,13,24
21,23,15,12,13,24,26
21,23,15,12,13,24,26,16
21,23,15,12,13,24,26,16,19
21,23,15,12,13,24,26,16,19
11
13,24,26,16,19,22,25
1
1
1
1,31,28,29
1,31,28,29,2
16,19,22,25
16,19,22,25
2,6
2,6
16,19,22,25,24,26
6,3,8
6,3,8,2
6,3,8,2
3,8,2,11,10
16,24,26,23
24,26,23,14
24,26,23,14,25
24,26,23,14,25,17
24,26,23,14,25,17,15
24,26,23,14,25,17,15,12
1
1
1,7,6
23,17,15,12,13
23,17,15,12,13
23,17,15,12,13
1,8
1,3
1,3
1,3,10,9
1,3,10,9
1,3,10,9
16,18,14
15
10,9,31,29,28
10,9,31,29,28,11
10,9,31,29,28,11
15,26
15,26,17
15,26,17
11,7,8
11,7,8,30

32
32
32
24
24
32,3,4,2
24,15,17
15,17,25
15,17,25,26

25,26,24
17


9,10
9,10,8
10,30
10,30,6

19
30,6,7
30,6,7
30,6,7,29,28
30,6,7,29,28

30,6,7,31,32
26
26
31,32,9
31,32,9
26,24,22
24,22,27
9
24,22,27


2,1
32
32
32
32

7,4,5,6
7,4,5,6

27
27
27,15,17
27,15,17
27,15,17

3
3,5
3,5,30
3,5,30
3,5,30,2,1
16,14,18
16,14,18,26
16,14,18,26,15
16,14,18,26,15
16,14,18,26,15,23,22

31
31,3
19
19
19,12,15
28
28,5
28,5,11
28,5,11,9
28,5,11,9
12,15,25
27
27,15
27,15,14
27,15,14,17
27,15,14,17


9,11
9,11,10
9,11,10



16,19,17
16,19,17,18


18,24




29
29,4

4,8
4,8,11
4,8,11
4,8,11


4,8,11
4,8,11
4,8,11,7,6
27,26
27,26,15
15,25
25,17

25,17,23
17,23,16


31,7
31,7,6


6,5
14,16
14,16,19
28
28
28,30,6
28,30,6
28,30,6
28,30,6,1,32,2
28,30,6,1,32,2,11
19,20
19,20,26
19,20,26
19,20,26,22,24
1,2,11,5
1,2,11,5,10
1,2,11,5,10,4
1,2,11,5,10,4
1,2,11,5,10,4
1,2,11,5,10,4
1,2,11,5,10,4,6,7,8,9
19,20,26,22,24,16
19,20,26,22,24,16,12
12,15
12,15,17
12,15,17,19
12,15,17,19
12,15,17,19
30
30
30,31,29
15,17,19,25,21,27
15,17,19,25,21,27,26
30,31,29,28
30,31,29,28,6
30,31,29,28,6
30,31,29,28,6
30,31,29,28,6
31,29,28,8,9,10,11
15,19,25,21,27,26,24
31,29,28,8,10,11,4
31,29,28,8,10,11,4
31,29,28,8,10,11,4,7,6
31,29,28,8,10,11,4,7,6
31,29,28,8,10,11,4,7,6,3,9
19,26,24,17
19,26,24,17
31,29,28,4,7,6,3,9,30
31,29,28,4,7,6,3,9,30
26,24,16,14
24,16,14,17
16,14,17,27
7,6,3,9,11,10
7,6,3,9,11,10
16,14,17,27,20
16,14,17,27,20
16,14,17,27,20
4,5
4,5
16,14,17,27,20,25,22,19
16,14,17,27,20,25,22,19
27,25,22,19,13,15
27,25,22,19,13,15,14





4,3
4,3,8
4,3,8,9
4,3,8,9,6

17
17,20
20,22


30,32
30,32,2
30,32,2,11
26
26,24
11,9
11,9
11,9
24,23
24,23,16
24,23,16,21
24,23,16,21
24,23,16,21,14,12

11
11
11,1,2
11,1,2,3
21
21,13
21,13,15
21,13,15,14



13,15
13,15,27

27,26
19

19,26
19,26

29
29,1
29,1,30
29,1,30
27,25
27,25,15
27,25,15,24
27,25,15,24,21
27,25,15,24,21,23
15,24,21,23,17
15,24,21,23,17,12





31,29
31,29

14
14,22


2,1

24

10
10,9

10,9,6
9,6,3
9,6,3,28
9,6,3,28
9,6,3,28
9,3,28,29,31,30
9,3,28,29,31,30,5
9,3,28,29,31,30,5
9,3,28,29,31,30,5,8,10
9,3,28,29,31,30,5,8,10,1
19
3,28,29,31,30,5,8,10,1,2
3,28,29,31,30,5,8,10,1,2,7
19,16
19,16,14
19,16,14
19,16,14,26,27
19,16,14,26,27
19,16,14,26,27
19,16,14,26,27,18,20,13
19,16,14,26,27,18,20,13
19,16,14,26,27,18,20,13
19,16,14,26,27,18,20,13,12,15,17
19,16,14,26,27,18,20,13,12,15,17,25
19,16,14,26,27,18,20,13,12,15,17,25,21

1
16,26,27,18,20,13,12,15,17
11
20,13,15,21
15,21,14
3
14
14
14,24,26
30
30,29
30,29,31
30,29,31,11
30,29,31,11,28
30,29,31,11,28,3
20
20,12
20,12,27
3,5
3,5
3,5
3,5,31,29,6
3,5,31,29,6,8
3,5,31,29,6,8
3,5,31,29,6,8
3,5,31,29,6,8,10,9,11

3,5,31,29,6,8,10,9,11,7
3,5,31,29,6,8,10,9,11,7

27
31,29,6,8,10,9,11,7,2,4
31,29,6,8,10,9,11,7,2,4,1
31,29,6,8,10,9,11,7,2,4,1,28
25
25
25,24,26
25,24,26,27
25,24,26,27
2,1,28,5
25,24,26,27,14,12
25,24,26,27,14,12
25,24,26,27,14,12
25,24,26,27,14,12,17,15,13
25,24,26,27,14,12,17,15,13
25,24,26,27,14,12,17,15,13,21,23
25,24,26,27,14,12,17,15,13,21,23,20
13,20,22
20,22

7
7

9,8
15
11
11
11,2,1
11,2,1,3
19
19
11,5
11,5,8
11,5,8,2
26,24
26,24,17
26,24,17,21
3
17,21,15
1
3
3
17,21,27
3,7,6
3,7,6
17,27,15
7,6,10,11
7,6,10,11
15,23
15,23,12
29,28
29,28,8
15,12,19
12,19,27
11
19,13
3
3
3
13,14
25
25
25,20,22


2,1
2,1,7
2,1,7
2,1,7,8,9
2,1,7,8,9
2,1,7,8,9,11,10




2,1,7,28
2,1,7,28,3
16,18,12,14

24
24



16



29,28
29,28,30
29,28,30
29,28,30
29,28,30,1,2,3
29,28,30,1,2,3
29,28,30,1,2,3

30,3,6
30,3,6
30,3,6
26
26,27
26,27
26,27,25,21
26,27,25,21,23
30,6,10,9,11
30,6,10,9,11
30,6,10,9,11
30,6,10,9,11
30,10,9,11,2,1,7,8
26,27,25,21,23,22
27,25,21,23,22,18
27,25,21,23,22,18,26
27,25,21,23,22,18,26
27,21,23,22,18,26,15,17
7,8,29
7,8,10
7,10,11
10,11,4
10,11,4
27,21,23,26,15,17,20
27,21,23,26,15,17,20
26,20,16,14
11,4,6
11,4,6
11,4,6
20,16,14,12
20,16,14,12
20,16,14,12,15,17
20,16,14,12,15,17,13
19


9,10
9,10,3
9,10,3
17
3,4,5
3,4,5,1
3,4,5,1,7
12
12
27,25
7
27,25,17
27,25,17,26
10
10
10,7,5
10,7,5
26,15
26,15
26,15,27,25
26,15,27,25
26,15,27,25,17,19

9



31,30
31,30,32
18
18,26
1
1,5
1,5
1,5
1,5,8,7,9
1,5,8,7,9
26,27
26,27,25
5,8,7,9,11,10
26,27,25,17
26,27,25,17
26,27,25,17
25,17,19,21,23
17,19,21,23,27

29
29,2
12
26
7
7,4
7,4
4,1,2
4,1,2
4,1,2,8,9
27
27,20
20,22
20,22



18,19
18,19
18,19,22,23


8
8
8,10,9

18
18,19
18,19,20

11
11,10
11,10
11,10,30,32
11,10,30,32
11,10,30,32,1,2

30,32,1,2,8
30,32,1,2,8
30,32,1,2,8
32,2,8,5,3,4
15
15,20
15,20,27
20,27,17


20,17,22
22,12
7,6
7,6,1
7,6,1,2
7,6,1,2,3
7,6,1,2,3
7,6,1,2,3,10,11
7,6,1,2,3,10,11
7,6,1,2,3,10,11,4,5
7,6,1,2,3,10,11,4,5,31
7,6,1,2,3,10,11,4,5,31
12,20
7,6,2,3,10,11,4,5,31,29,28
12,20,17
12,20,17
12,20,17,25,27
7,6,10,11,4,5,31,29,28,32
7,6,10,11,4,5,31,29,28,32
20,17,25,27,22
20,17,25,27,22
20,17,25,27,22,19,21
20,17,25,27,22,19,21
20,17,25,27,22,19,21,15,13
20,22,19,21,15,13,12
20,22,19,21,15,13,12,17
31,29,28,1,2
28,1,2,10
20,22,19,21,15,13,12,17,27
20,22,19,21,15,13,12,17,27
1,2,10,11
1,2,10,11,5
1,2,10,11,5,30
1,2,10,11,5,30,3
1,2,10,11,5,30,3
20,19,21,12,17,27,23,25
10,11,5,30,3,7,6
27,23,25,15
27,23,25,15,22
27,23,25,15,22,19
7,6,2
7,6,2
7,6,3,5
7,6,3,5
15,22,19,12
7,6,3,5,9,10
15,22,19,12,26
6,3,5,9,10,11
3,5,9,10,11,32
3,5,9,10,11,32,30
15,12,26,27
15,12,26,27
15,12,26,27,17,19
15,12,27,17,19,23
15,12,27,17,19,23,13
27,17,19,23,13,26
27,17,19,23,13,26,22


10,11
10,11,7
13,26
26,23
26,23
26,23
26,23,17,15,12
26,23,17,15,12,18


1,2
1,2,6
1,2,6,3
6,3,5
17,15,12,22
6,5,9
6,5,9
17,22,20
17,22,20
17,22,20,19,21
6,9,2,1
22,20,19,21,23
22,20,19,21,23
22,20,19,21,23,14,12
20,19,21,23,14,12,15
19,21,23,14,12,15,16
28
28,9
28,9
16,25
16,25
16,25
16,25
28,9,4,3
16,25,14,15,12,20
28,9,4,3,5
16,25,14,15,12,20,19
4,3,5,10
4,3,5,10
16,25,14,15,12,20,19,26
16,25,14,15,12,20,19,26,21
4,3,5,10,6,7
16,25,14,15,12,20,19,26,21,13
10,6,7,9
10,6,7,9,5
25,14,15,12,20,19,21,13,17
25,14,15,12,20,19,21,13,17,26
10,6,9,5,28
25,14,15,12,20,19,21,13,17,26,22
25,14,15,12,20,19,21,13,17,26,22,18
14,15,12,20,19,17,26,22,18,23
5,3
19,26,22,18,23,21
5,9
5,9,10
5,9,10,11
5,9,10,11,32
9,10,11,32,28
9,10,11,32,28

9,10,11,32,28,7,3
12
9,11,28,7,3,4
9,11,28,7,3,4
9,11,7,3,4,5,6
12,14
12,14
12,14,23,22
12,14,23,22,20
12,14,23,22,20,13
12,14,23,22,20,13,16
4,5,6,2
14,23,22,20,13,16,17
5,6,2,3
5,6,2,3
14,23,22,20,13,16,17,12
23,22,20,13,16,17,12,21
23,22,20,13,16,17,12,21,26
23,22,20,13,17,12,21,26,15
11,10
11,10
11,7,6
23,22,20,13,26,16
23,22,20,13,26,16
23,22,20,13,16,15,25
15,25,17
15,25,22






11,10
11,10,5
11,10,5
5,6,7
5,6,7

14
14,17

32
32,3
32,3,4
32,3,4,5
32,3,4,5,2
32,3,4,5,2
32,3,4,5,2,10,11
32,3,4,5,2,10,11
32,3,4,5,2,10,11,30,1
32,3,4,5,2,10,11,30,1
32,3,4,5,2,10,11,30,1
32,3,4,5,2,10,11,30,1
32,3,4,5,2,10,11,30,1
4,5,2,10,11,30,1,31,29,6,7,28


12,15
12,15
12,15,22,20
12,15,22,20,23
12,15,22,20,23,26
12,15,22,20,23,26
12,15,22,20,23,26,16,18



15


1,2
1,2
1,2,5,6
1,2,5,6,31
1,2,5,6,31,10
25
25
6,31,10,29
21,23
21,23,15
21,23,15,14
15,14,25
15,14,25,17

10
10
17
10
10
17,26
17,26,12










1,2,5
1,2,5,3
1,2,5,3
1,2,5,3,30,32
1,2,5,3,30,32
1,2,5,3,30,32,4,6


23,25
23,25
23,25
23,25,14,15,16
23,25,14,15,16,17

29
29


25
6
6,29
6,29
23
23,17
17,15


9,8
9,8
27
9,8
9,8,3
9,8,3




25,27
25,27
25,27,17,15
19
19,16

16,17


3,4
3,4
3,4,29,28

29,28,5
29,28,5,10
27
27
27,23,25
27,15
27,15,23

10
10,5

5,11
11,1
11,1,28
11,1,28
15
11,1,28,31,29
15,20
1,28,31,29,32
1,28,31,29,32,3
1,28,31,29,32,3,2
20,19
20,19,27
20,19,27
20,19,27,25,26
20,19,27,25,26,15
20,19,25,26,15,23


2,1
2,1,10
2,1,10,9
2,1,10,9
2,1,10,9
2,1,10,9,7,6,5
1,9,7,6,5,8
27
14
14
14
14,15,13,21


3,4
3,4
3,4
3,4,5,28,6
3,28,6,31
3,28,6,31
3,28,6,31,9,10
3,28,6,31,9,10,1
28,6,31,9,10,1,2
28,6,31,9,10,1,2
22
22,24
28,31,9,10,1,2,4,5
28,31,9,10,1,2,4,5
24,25
28,31,10,1,2,4,5,7,6
24,25,14
28,31,1,2,4,5,7,6,3
24,25,14,15
24,25,14,15,19
24,25,14,15,19,20
24,14,15,19,20,23
24,14,15,19,20,23,26
14,15,19,20,23,26,22
14,15,19,20,23,26,22,13
14,15,19,20,23,26,22,13,18



7
7,9
7,9
23
19
9


4
4,11
4,11
14
30,32
30,32,31
14,20
20,13
20,13,23
30,32
30,32
30,32,11,10
20,13,23,27
11,10,5
11,10,5
13
14
14
14,12,15


4,3
4,3
14
14,20
14,20
14,20,12,15

3
3
3,5,4
3,5,4,1

12
31
31
12,14
6,5
6,5,28
6,5,28
12,14,25
15
15,26
15,26
15,26,12,14
15,26,12,14

29


10

14


11,10
11,10,3
11,10,3,4
11,10,3,4,5
11,10,3,4,5,6

11,10,3,4,5,6,7
11,10,3,4,5,6,7,28
11,10,3,4,5,6,7,28,8
11,10,3,4,5,6,7,28,8,9
11,10,3,4,5,6,7,28,8,9
11,3,4,5,6,28,8,9,29,31
11,3,4,5,6,28,8,9,29,31
15
15,13
15,13,27
15,13,27
15,13,27,14,16
15,13,27,14,16,26
29,31,1
29,31,1
29,31,1,8,9
29,31,1,8,9,5
29,31,1,8,9,5,3
15,18
15,18,22
18,22,24
18,22,24,16
18,22,24,16
27

10
10,11
10,11
10,11
10,11,2,1,8
10,11,2,1,8,3
10,11,2,1,8,3,31
10,11,2,1,8,3,31
10,11,2,1,8,3,31,29,28
10,11,2,1,8,3,31,29,28,5
22
22,15
2,1,3,31,29,28,5,6
2,1,3,31,29,28,5,6
2,1,3,31,28,30,32
2,1,3,31,28,30,32,8
2,1,3,31,28,30,32,8,10
22,15,14
3,31,30,32,8,10,9
3,31,30,32,8,10,9,29
3,31,30,32,8,10,9,29
3,31,30,32,8,10,9,29
22,15,14,26
3,31,30,32,8,10,9,29,28,4,5
3,31,30,32,8,10,9,29,28,4,5
22,15,14,26,19
14,26,19,25
14,26,19,25
26,25,27,24
26,25,27,24
8,10,9
8,10,9
8,10,9,3,4
8,10,9,3,4,30
14,12
14,12,20
14,12,20
14,12,20,15,17

20,15,17,27

9
9
9
9
9,7,29,6,5
9,7,29,6,5,28


16,14
16,14,25
16,14,25,19
29
29
4,5
16,14,25,19,21
16,14,25,21,23
16,14,25,21,23,22


9





1,2
18,16
28
28,29
28,29
28,29
26
26,27
9,10
9,10
9,10
26,27,24
26,27,24
13,12
21
21


2,1

2,1,5
2,1,5,10
2,1,5,10
2,1,5,10,6,7
27
27
2,1,5,10,6,7,3
16,18
2,1,10,7,3,11
16,18,12
16,18,12,17
16,18,12,17
1,10,7,11,28
1,7,11,28,5
1,11,28,5
16,18,12,17,15,13
1,11,28,5,6,7
1,11,28,5,6,7
1,11,28,5,6,7,31,32
1,11,28,5,6,7,31,32
1,28,5,6,7,31,32,29,10
16,18,12,17,15,13,19
12,19,14
31,32,29,10,3
12,19,14,18
31,32,29,10,5
19,14,18,26
29,5,3
19,14,18,26,17
19,14,18,26,17,24
5,3,30
5,3,30,31
19,18,26,17,24,13
19,18,26,17,24,13,23
18,26,17,24,13,23,25
18,26,24,13,23,25,19
18,26,24,13,23,25,19,15
18,26,24,13,23,25,19,15,27

15,27,22
31
27,22,26
27,22,26,16
28
28,3
28,3,10
26,16,14
3,10,11
26,16,14,27
26,16,14,27
3,5
27,17,15
27,17,15,21
7
7
7,11,10
7,11,10
7,11,10
7,11,10,31,29,28
7,11,10,31,29,28,5
7,11,10,31,29,28,5
7,31,29,28,5,3,6
7,31,29,28,5,3,6
21,25
21,15
21,15,25
7,31,29,28,5,3,6,2,1
7,31,29,28,5,3,6,2,1,11
15,25,17
15,25,17
31,5,3,1,11,10
31,5,3,1,11,10
31,5,3,1,11,10,30,32
5,3,1,11,10,30,32,2
31,5,3,1,11,10,30,32,2
31,5,3,1,11,10,30,32,2
15,17,26,24
15,17,26,24
15,17,26,24
15,17,26,24,12,14,25
15,17,26,24,12,14,25,16
15,17,26,24,12,14,25,16,20
15,17,26,24,12,14,25,16,20
15,26,24,12,14,25,16,20,22,21
30,32,2
30,32,2,10
26,24,25,16,20,22,21,23
26,24,25,16,20,22,21,23
26,24,25,22,21,23,17,15
26,24,25,22,21,23,17,15,16
26,24,25,22,21,23,17,15,16
26,24,25,17,15,16,14,12
17,15,16



11
11

29,28
29,28
29,28,2,1
29,2,1,7

27
7,3
7,3,5
7,3,5
7,3,5
7,5,2,1,6
27,25
27,16
27,16,13
27,16,13
2,1,6,30
2,1,6,30,3
2,1,6,30,3
27,16,13,12,14
2,1,6,11,10
2,1,6,11,10,7
11,10,7,28
11,10,7,28,30
12,14,25
12,14,25
12,14,25,26,27
10,28,30,29
10,28,30,29,3
12,14,25,26,27,20
25,26,27,20,16
28,3,1
28,3,1
28,1,6,5
26,27,16,21
26,27,16,21,22
28,1,6,5,10
28,1,6,5,10,7
28,1,6,5,10,7,2
28,1,6,5,10,7,2
26,27,16,22,13
1,10,7,2,30,32
1,10,7,2,30,32,6
1,10,7,2,30,32,6
1,2,30,32,6,5,3
1,2,30,32,6,5,3
16,13,20
16,13,20,18
1,2,30,32,6,5,3,31,29
16,18,19
2,5,3,31,29,10
2,5,3,31,29,10,32
2,3,29,10,32,7
19,27
19,27
19,27,23,21
19,27,23,21,20
27,23,21,20,22
27,23,21,20,22,19
2,7
27,23,21,20,22,19,26
27,23,21,20,22,19,26,17
27,23,21,20,22,19,26,17
30
30
20,22,19,26,17,13,18
6,5
20,22,17,27
7
7,5
17,27,23
5,3
5,3,10
5,3,10
5,3,10,7,6
5,3,10,7,6,30
27,23,18
27,23,18,22
23,18,22,19
23,18,22,19,26
18,22,19,26,27
22,19,26,27,13
10,30
10,30,3
19,26,27,13,24
19,26,27,13,24,21
30,3,2
30,3,2,5
3,2,5,10
10,6
10,6
19,13,21,23
19,13,21,23
19,13,21,23,20,22
13,21,23,20,22,18
13,21,20,22,18,25
13,20,22,18,25,27
10
10,3
20,22,25,27,26
20,22,25,27,26
3,29
3,29
3,29,2,1
3,29,2,1
3,29,2,1,31,30
3,29,2,1,31,30
3,29,2,1,31,30,7,6
27,26,18,23
26,18,23,21
29,2,1,31,30,7,6,11
29,2,1,31,30,7,6,11
26,18,23,21,27
26,18,23,21,27,25
2,1,31,30,7,6,11,32,10
2,1,31,30,7,6,11,32,10,29
26,18,23,21,27,25,24
18,23,21,27,25,24,22
32,10,29,3
18,23,21,27,25,24,22,19
18,23,21,27,25,24,22,19,26
32,10,29,3,31
32,10,29,3,31
23,21,27,25,24,22,19,26,20
29,3,31,7,6
29,3,31,7,6
23,21,24,22,19,26,20,18
23,24,22,19,26,20,18,27
24,19,26,20,18,27,25
3,31,7,6,1,2
24,19,20,18,27,25,23
24,18,27,25,23,22
7,6,1,2,32
32,3
24,18,27,25,23,22,26
24,27,25,23,22,26,20
24,25,23,22,26,20,19
32,3,2
24,25,22,26,20,19,27
26,20,19,27,23
20,19,27,23,18
26
26,25







30
30,3
30,3
30,3
30,3,4,5,6
30,3,4,5,6
30,3,4,5,6,9,8
30,3,4,5,6,9,8
19
14
14,13
3,4,5,11,10
3,4,5,11,10
13,24
13,24
8,9
8,9,30
8,9,30
8,9,30
8,9,30,31,29,28
8,9,30,31,29,28
24,23,21
23,21,14
23,21,14
23,21,14
25,26,24
6
6
6
6
31,30,29,28
31,30,29,28
18
18,26
26,27

11
11,2
11,2,7
11,2,7

11,2,7,6,10
11,2,7,6,10
19
19,18
7,6,10,3,4
7,6,10,3,4,9
7,6,10,3,4,9
7,6,10,3,4,9,31,29
19,18,26
19,18,26
19,18,16,25

1
1
1,2,32
1,2,32
1,2,32
19,16,25,27
19,16,25,27,24
1,2,32,10,11,7
1,2,32,10,11,7
1,2,32,10,11,7
16,25,27,24
16,25,27,24
16,25,24,18,19
16,25,24,18,19
1
16,25,24,18,19,14,20
16,25,18,19,14,20,23
16,25,18,19,14,20,23,26
16,25,18,19,14,20,23,26,27
16,18,19,14,20,23,27,22
18,19,14,20,23,27,22
3
3,5
3,5

21
21
21



26
26,24

32
32,30
32,30

27
3,4
3,4
3,4,9,8
27,24
27,24,21
21,20
21,20
21,20,18,16

32
32,7
32,7,4

27
4,2
4,2
27,13
2,5,6
2,5,6,10
2,5,6,10,9
27,13,25
27,13,25
27,13,25,19,18
19,18,23
19,18,23


25,21
25,21

1
1


28
28
28

30,31,32
30,31,32,9
30,31,32,9,10
30,31,32,9,10,1
26
26,15
26,15,17
26,15,17
6
6
6,29,28
6,29,28
26,22,24
19
19,22
19,22,21
19,22,21,23
19,22,21,23

5
5,6



8
8,10

15
15,17

6




2,1
2,1

28,29
24
24,25




10,9,11,8
10,9,11,8,5
10,9,11,8,5
10,9,11,8,5
10,9,11,8,5,3,2,1
10,9,11,8,5,3,2,1
10,9,11,8,5,3,2,1,29,28
10,9,8,5,3,2,1,29,28,4


14,16
14,16,12
14,16,12
14,16,12,25,27
5,32
14,16,12,25,27,17
5,30
5,30
5,30

3,4,2
3,4,2
3,4,2,10,11
3,4,2,10,11,8
27
27,17
27,17,12
17,12,19
17,12,19


12,19,13,15


31,30
31,30

13
13,17
13,17,15







23





22,24




30

31
31,32

31
27
32
25
25,22


30,32
30,32,11
30,32,11,29
30,32,11,29,3
30,32,11,29,3,5
30,32,11,29,3,5

15
15,26
15,26,27
15,26,27,17
15,26,27,17





31,29




10,11
23,25
23,25
25,17,15

1
1,11
1,11,8
1,11,8
1,11,8
27
11,8,7,5,6
11,8,7,5,6
11,8,7,5,6,3,2
11,8,7,5,6,3,2,9
11,8,7,5,6,3,2,9,10
11,8,7,5,6,3,2,9,10
11,8,7,5,6,3,2,9,10,29,28
11,8,7,5,6,3,2,9,10,29,28
11,8,7,5,6,3,2,9,10,29,28
11,8,7,5,6,9,29,28,32,31,30

20
20
11,8,7,5,6,29,28,32,31,30,3
11,8,7,5,6,29,28,32,31,30,3
20,13,15
20,13,15,17
8,7,5,6,32,31,30,3,2,1
8,7,5,6,32,31,30,3,2,1
8,7,5,6,32,31,30,3,2,1
8,7,5,6,32,31,30,3,2,1
20,13,15,17,26
20,13,15,17,26,12
20,13,15,17,26,12
20,13,15,17,26,12,14,16
20,13,15,17,26,12,14,16
20,13,15,17,26,12,14,16
3,2,1,9,11,10,28
3,2,1,9,11,10,28
3,2,1,9,10,28,30,32
3,2,1,9,10,28,30,32
17,26,12,14,16,27,25,23
17,26,12,14,16,27,25,23,24
17,26,12,14,16,27,25,23,24
17,26,12,14,16,27,25,23,24
3,2,1,30,32,5,6
3,2,1,30,32,5,6
17,14,16,27,25,23,24,22,18,15
3,2,1,5,6,29,31
3,2,1,5,6,29,31
3,2,1,5,6,29,31
3,2,1,5,6,29,31,8,7,9
3,2,1,5,6,29,31,8,7,9
14,16,24,22,18,15,26
3,2,1,29,31,8,7,9,10,11
14,16,22,18,26,19
27
27
27
27
27,17,19,15,13
29,31
27,17,19,15,13,21
3
3
27,17,19,15,13,21,24
27,17,19,15,13,21,24
27,15,13,24,22,20
27,13,24,22,20,25


9,8
22,20
16
11
11
11
11,31,29,28
11,31,29,28
31,29,28,7,6
31,29,28,7,6
31,29,28,7,6,11,10
31,29,28,7,6,11,10,1
31,29,28,7,6,11,10,1
16,15
16,26
16,26,20
6,11,10
6,11,10
20,22
20,22,15
22,15,26
22,15,26,14
22,15,26,14
26,14,19
26,14,17






6


17



7,5,6
7,5,6,1
7,5,6,1
7,5,6,1,3,2
7,5,6,1,3,2

20
20,22
20,22,24
2,10,11
20,22,24,25
20,22,24,25,14


11,10
11,10
11,10,1,2
10,1,2,3
10,1,2,3

1,2,3,6,7
1,2,3,6,7
1,3,6,7,29,32
1,3,6,7,29,32
15
3,6,7,29,32,11,10
3,6,7,29,32,11,10,2
3,6,7,29,32,11,10,2
6,7,29,32,11,10,2,4,5
7,29,32,11,10,2,4,5,3
15,25
15,25
29,32,11,10,2,4,5,3,9
29,32,11,10,2,4,5,3,9
29,32,11,10,2,4,5,3,9,7,6
29,32,11,10,2,4,5,3,9,7,6,8
29,32,11,10,2,4,5,3,9,7,6,8,1
29,32,11,10,2,4,5,3,9,7,6,8,1,30
29,32,11,10,2,4,5,3,9,7,6,8,1,30,31
15,25,20,22
15,25,20,22,19
15,25,20,22,19,13
15,25,20,22,19,13
4,5,3,9,7,6,8,1,30,31,28
15,25,19,13,24,23
15,25,19,13,24,23,12
15,25,19,13,24,23,12,14
15,25,19,13,24,23,12,14,22
15,25,19,13,24,23,12,14,22,21
15,25,19,13,24,23,12,14,22,21
3,11
3,11
3,11
11,30,4,32
11,30,4,32,1
11,30,4,32,1
11,30,4,32,1,2,5
11,30,4,32,1,2,5,6
11,30,4,32,1,2,5,6
11,30,4,32,1,2,5,6,7,8
11,30,4,32,1,2,5,6,7,8
19,24,23,14,22,21,20,18
11,30,4,32,1,2,5,6,7,8,31,28
11,30,4,32,1,2,5,6,7,8,31,28,3
19,24,23,14,22,18,27
19,24,23,18,27,13
19,24,23,18,27,13
19,24,23,27,13,22,25
19,24,23,27,13,22,25
27,13,22,25,12,14
27,13,22,25,12,14,23
27,13,22,25,12,14,23
1,2
1,2
1,2,29,28
1,2,29,28
1,2,29,28,11,9
1,2,29,28,11,9
2,29,28,11,9,30,31
27,22,25,12,14,23,21,20
27,22,25,12,14,23,21,20,19
27,25,23,21,20,19,18
27,25,23,21,20,19,18,14
27,25,23,19,18,14,15
27,25,23,19,18,14,15
30,31,7
30,31,7


23
8
23
24
24,15


9,8
9,8
9,8,2,1

14
14,19
14,19
14,19,20,21


31,29
31,29
31,29,7,6
31,29,7,6

27
27,15
27,15,19
27,15,19

6

15



4,3,5
4,3,5,28
4,3,5,28,29

18
5,28,29,31
28,29,31,9
18,20
28,29,31,9,8
18,17
18,17,14
18,17,14,22
17,14,22,25
17,14,22,25
8,11
8,11
11,1,2
11,1,2
11,1,2,4,3
14,22,25,21,23
1,2,4,3,6
1,2,4,3,6,28
1,2,4,3,6,28,29
1,2,4,3,6,28,29
21,23,15
6,28,29,9,11
21,23,15,24
21,23,15,24,17
21,23,15,24,17,20
21,23,15,24,17,20,19
28,29,9,11,3
6,28,29,9,11,3,6
21,23,15,24,17,20,19,18
21,23,24,17,20,19,18,14
21,23,24,17,20,19,18,14,27
21,23,17,20,19,18,14,27,25
21,23,17,20,19,18,14,27,25
3,6
21,23,17,20,19,18,14,27,25,15,13
3,6,9
3,6,9,5
3,6,9,5,31
9,5,31,30
19,18,27,25,15,13,12
19,18,27,25,15,13,20
19,18,27,25,15,13,20,14
19,18,27,25,15,13,20,14,24


5,6
5,6
15,13,14,24,17
5,6,3,2
5,6,3,2,11
5,6,3,2,11
5,6,3,2,11
5,6,3,2,11,30,31,32
5,6,3,2,11,30,31,32
17,12
6,3,2,11,30,31,32,29,28
17,12,24
17,12,24,27
29,28,1
17,24,27,19
17,24,27,19
9
9,4
24,27,19,25,22
9,4,3
9,4,3,6
27,14
27,14,17
3,6,7
3,6,7
27,14,17,19
6,7,2,1
17,19,24
6,7,2,1,5
6,7,2,1,5,3
7,2,1,5,3
17,19,24,12
17,19,24,12,20
12,20,16
12,20,16,24
12,20,16,24



12,24,27,25
27,25,13
27,25,13
13,12,14
13,12,14,20


4,3
4,3,5
4,3,5
4,3,5,7,6
4,3,5,7,6
4,3,5,7,6,9,1
4,3,5,7,6,9,1,2
4,3,5,7,6,9,1,2,28
4,3,5,7,6,9,1,2,28
4,3,5,7,6,9,1,2,28
4,3,5,7,6,9,1,2,28

24
24,14
24,14,16
24,14,16
24,14,16,22,25
9,2,32
24,14,16,22,25,20
24,14,16,22,25,20,17
9,32,7
9,32,7
9,7,2,1
9,7,2,1
9,7,2,1,30,32
9,7,2,1,30,32,31
9,7,2,1,30,32,31
22,25,20,17,27
22,25,20,17,27
22,25,20,17,27,16,14
30,32,31,29,28
14,23
14,23
14,23
23,24,27,25
23,14





29,28
29,28,32
29,28,32

25

29
29,28
29,28
29,28,9,11
29,28,9,11,31
29,28,9,11,31
25
25,27
31,7,6
27,17
27,17,14
31
31
31,7,6
31,7,6,4
31,7,6,4
31,7,6,4
31,7,6,4
31,7,6,4,30,2,32,1
7,6,4,30,2,32,1,9
7,6,4,30,2,32,1,9,11
7,6,4,30,2,32,1,9,11,28
7,6,4,30,2,32,1,9,11,28,29
14,12
14,12,17
14,12,17,27
14,12,17,27
14,12,17,27,22,24
14,12,17,27,22,24,23
14,12,17,27,22,24,23,19
12,17,27,22,24,23,19,16
17,27,22,24,23,19,16,26
17,27,22,24,23,19,16,26,25
17,27,22,24,23,19,16,26,25
28
28
17,27,22,24,23,19,16,26,25,18,20
3,4
3,4,9
3,4,9,11
3,4,9,11
26,25,18,20,21
7,6
26,18,20,21,22
26,18,20,21,22
18,20,22,17,19
18,20,22,17,19
29
17,19,16,12
17,19,27
17,19,27,16
17,19,27,16

6
6
6,4,5


16,20
9
9,28
9,28,1
9,28,1,3
9,28,1,3,5
28,1,3,5,31
28,1,3,5,31
16,20,15
16,20,15,14
16,20,15,14,22
28,1,3,5,31,30,32
16,20,15,14,22,23
5,31,30,32,9
16,20,15,14,22,23,25
16,20,15,14,22,23,25,27
15,14,22,23,25,27,12
15,22,23,25,27,12,26
15,22,23,25,27,12,26,20
9
9
9,31,29
9,31,29
9,31,29,30,32
9,31,29,30,32,7
9,31,29,30,32,7

27
27,26
27,26,16
27,26,16
27,26,16,23,21
27,26,16,23,21,22
27,26,16,23,21,22,19


6,5
16
16
16,17,19

5








32

25
25,27

3
3
3,2,1
3,2,1


12,24
7,6
7,6,4
24
17
17,19

9
9,7
9,7,5
19
19,16
19,16,17
2
2,5
2,5,1
2,5,1,3
2,5,1,3,4
2,5,1,3,4
2,5,1,3,4,7,6
16,20
16,15
16,15,24
15,24,26
15,24,26
24,26,21,19

6
6,3
24,26,21,19,17
17,12
6,3,5
6,5,9
12,13
12,13,24
13,24,26
24,26,27
24,26,27,19
9
9,5
9,5,1
5,1,7
19,17
1,3
1,3
19,17,15
3,30,32
3,30,32,31
3,30,32,31
3,30,32,31,28,29
3,30,32,31,28,29
3,30,32,31,28,29,7,1
3,30,32,31,28,29,7,1,9
3,30,32,31,28,29,7,1,9,5
15,14
15,14
15,14,12,21
14,12,21,17
14,12,21,17
14,12,21,17
30,32,31,28,29,7,1,9
21,17,26,19,13
21,17,26,19,13,15
17,26,19,13,15,27
17,26,19,13,15,27
17,26,19,13,15,27,23,25
17,26,19,13,15,27,23,25
15,25,18,16


5,6
5,6,1
5,6,1
5,6,1



6,7
6,7
6,7,28,29
6,7,28,29
6,7,28,29,30,32
6,7,28,29,30,32

26
26,23
23,25
23,25,19
23,25,19
7
10
23,25,19,15,17
23,25,19,15,17
10,8
10,8,1
10,8,1,2
10,8,1,2
10,8,1,2,3,4
10,8,1,2,3,4
15,17,20,21
15,17,12

15,17,12,25
15,17,12,25
15,17,12,25
10
10
10,29,28
10,29,28
10,29,28
20,22
10,7,6,5
20,26
20,26
20,26,21,19
20,26,21,19
8
26,21,19,15,13
21,19,15,13,17

28
28

10,11
10,11
10,11
10,11,2,3,1
10,11,2,3,1
26
10,2,3,1,8,7
14
14,16
14,16
14,16,24,22

29
24,22
24,22






3,4
14,16
14,16
17,19



31,29,28
31,29,28,3
31,29,28,3

27
27


29,28
29,28

19









27,25






14,16



4,3,6



20,22,24


28
28,29









14



11,10,9
11,10,9

20
20












8
8
8,10,9
8,10,9,30
8,10,9,30,11
9,30,11,31
9,30,11,31,29



13,15,17
17,19
17,19,15
17,19,15,13
19,27

7
7
7,3,4
7,3,4
7,3,4,32,30
7,3,4,32,30

20
20
7
7
2,1
2,1
27,25
27,25,22





20

4
4,10


11
11,29
11,29,8

15
15

4
4,5
4,5

16


14

7
7
7
7,6,4,5
7,6,4,5
7,6,4,5
14
19
19
19
19,14,12,16
19,14,12,16


29,28
29,28,30
29,30,32
29,30,32,8
14,12,16
30,32,8,3
27
27,17
27,17
27,17,21,25
27,17,21,25,19






9,8,11,10
9,8,11,10
9,8,11,10
9,8,11,10,7,5,6


27,26
27,26,20
27,26,20,21
27,26,20,21
27,26,20,21,19,17

28
19,17,25
19,17,25,18

8
8,3
8,3
8,3
8,3,4,6,5
18,27
18,27,16
18,27,16,14
1
1
1
1

16
28
16,14
30
30,1
26
1,10
1,10,2
1,10,2,7
27
1,2,7,8
1,2,7,8,11
27,12
27,12
11,31
12,15,17
12,15,17,14
12,15,17,14,13
28
28
28,2,1
28,2,1
28,2,1,6,5
17
27




29,11,28,9
29,11,28,9





27
14

10
10
10
10,7,6,5
27
10
15
29
29
16
29,8,9
16,15
16,17
16,17,15


4,5
4,5
4,5,2,1

19
10
10,28
19,25
28,11
28,11
28,11,29,30
19,17
19,17,14
7
7
17,14,27
7,5,6
7,5,6
7,5,6,10,9
7,5,6,10,9
7,5,6,10,9
17,14,27,25
17,14,27,25
25,19,21
19,21,26
19,21,26,14


26,14,16
14,16,27
11,10
16,27,26
16,27,18
16,18,14

29


1
1
1,11,10
1,11,10

21
21,15
21,15
