
13

13,21
13,21,19
7
7,10
13
13,19
13,19,18
13,19,18,22
13,19,18,22
19,18,22,16
19,18,22,16
19,18,22,16
19,18,22,16,17,21
19,18,22,16,17,21
19,22,16,17,21,14
7,10,5
7,10,5,6
19,22,16,21,15
19,22,16,21,14
19,22,16,21,14
19,22,16,21,14,17,18
19,22,16,21,17,18
19,22,16,21,17,18,14
19,22,16,21,17,18,15
19,22,16,21,17,18,14
19,22,16,21,17,18,15
19,22,16,21,17,18,14
19,22,16,21,17,18
19,22,16,21,17,18,14
7,10,6,8
19,22,21,17,18,14,15
19,22,21,17,18,14,15,20
7,6,8,12
7,6,8,12,5
7,6,8,12,5,3
7,6,8,12,5,3,10
7,12,5,3,10,1
7,12,5,3,10,1,6
17,18
7,12,5,3,10,1,6,4
7,12,5,3,10,1,6,4
16
16,21
5,3,10,1,6,4,8,2
5,3,10,1,6,4,8,2,12
1,4,8,2,12,9
1,4,8,2,12,9,6


17,18
1,4,8,2,12,9,6,3
17,18
17,18
1,4,8,2,12,6,3,5
17,18





14
14,21
21,18
21,18
21,18
21,18
10
4
4,10
10,2


14
15
14
15,15
14

15,15,15,15
15,15,15,15
15,15,15,15,14
15,15,15,15,14
17,18
15,15,15,15,17,18,15
15,15,15,15,17,18,15
15,15,15,15,17,18,15
17,18,21
15,15,15,15,17,18,15,21
15,15,15,15,17,18,15,21,15,14

6
6,9
15,15,15,15,15,15
15,15,15,15,15,15,21
15,15,15,15,15,15,21,17

9
9
9,11,12
15,15,15,15,15,15
15,15,15
9,11,12,7



11

16


21
21
21,17,16
17,16,18
17,16,18

5
5,12
19,20
19,20,16
8
3

3
3
6,8


6,8

17
17,18
17,18,19
17,18,19,14
17,18,19,20
17,18,19,20
17,18,19,20
17,18,19,20
6,8,11
6,8,11
6,8,11
6,8,11,12,10,9
8,11,12,10,9,7

11,12,10,9


19,18
19,18,16
19,18,16
19,18,16
19,18,16,14
19,18,16,14
19,18,16,15,17
19,18,16,15,17,14
19,18,16,15,17,22
19,18,16,17,22,14
19,18,16,15,17,22,15
19,18,16,15,17,22,15
19,18,16,17,22,14,20
12,10,9
19,18,16,17,22,20
19,18,16,15,17,22,15,20,15,15
19,18,16,17,22,20,14
19,18,15,17,22,15,20,15,15,15
19,18,15,17,22,15,20,15,15,15
12,10,9,8
12,9,8,7
15,22,15,20,15,15,15,16
15,22,15,20,15,15,15,16
15,22,15,20,15,15,15,16,14,17
15,22,15,20,15,15,15,16,14,17
15,22,15,20,15,15,15,16,17,19,18
8,7,11
8,7,11
15,15,15,15,15,16,17,19,18
8,7,11,3,5
8,7,11,3,5

15,15,15,15,15
8,7,11,3,5,2,1
8,7,11,3,5,2,1,12
8,7,11,3,5,2,1,12
8,7,11,3,5,2,1,12,9,4
21
21
21
21
8,12,9,4,10
15,15,15,15,15,15,21,15,15,15,15
15,15,15,15,15,15,21,15,15,15,15
12,9,4
15,15,15,15,15,15,21,15,15,15,15
15,15,15,15,15,15,21,15,15,15,15
4,11
15

16









6,8



9

18
4



13

11

17
17
17

11


15,15,15,15,15
11
15,15,15,15,15
15,15,15,15,15
15,15,15,15,15,22,21
15,15,15,15,15,22,21
19

19
11
22
22,13
22,13,18
22,13,18,21
22,13,18,21
22,13,18,21,19,20
22,13,18,21,19,20
22,13,18,21,19,20,16
22,13,18,21,19,20,16
22,13,18,21,19,20,16
22,13,18,21,19,20,16
22,13,18,21,20,16
9
22,13,18,21,16
21,15,15,15,15,15,15
21,15,15,15,15,15,15
15,15,15,15,15,15,19,20
15,15,15,15,15,15,19,20
7
15,15,15,15,15,15,22,21
15,15,15,15,15,15,22,21
3
15,15,15,15,15,15
15,15,15,15,15,15
3,5
3,5
5,11,10
5,11,10,8
5,11,10,8,7
15,15
11,10
18
18,17
10,8
10,8,12
12
12,10



19,20,21
19,20,21,13
12
20,13
20,13,14
20,13,18
20,13,18
20,13,18,14
20,13,18,15,15
20,13,18,15,15,17
20,13,18,15,15,17
20,13,18,17,14
13,18,17
13,18,17
12,10
12,7
12,7,10
15,15,15,15,15
15,15,15,15,15,21
12,10,5
12,10,3
15,15,15,15,15
15,15,15,17
15,21
12,10,11
10,11,6
21
10,11,7
10,11,5

18
18

20
20
8
8,7
17,18
8,7,5
8,7,5


7,5,11,12
13,17
13,17,14
13,17
13,17,15,15
13,17,14
13,17,15,15,15
13,17,14
13,17
13,17,15,15,15,15
13,17,15,15,15,15,15,19
13,17,15,15,15,15,15,19,20
13,17,19,20
13,17,15,15,15,15,15,19,20,15
13,17,19,20,14
13,17,15,15,15,15,15,19,20,15,15
13,19,20,14
13,19,20
13,15,15,15,15,15,19,20,15,15,15
11,12,10
15,15,15,15,15,15,15,15,15
15,15,15,15,15,15,15,15,15,13
15,15,15,15,15,15,15,15,15,13,17
15,15,15,15,15,15,15,15,15,13,17

10
15,15,15,15,15,15,15,15,15,13,17
15,15,15,15,15,15,15,15,15,13,17
15,15,15,15,15,15,15,15,15,13,17
11
11,10
15,15,15,15,15,15,15,15,15,17
15,15,15,15,15,15,15,15,15,17
15,15,15,15,15,15,15,15,15,17
15,15,15,15,15,15,15,15,15,17,21
15,15,15,15,15,15,15,15,15,17,21,14
15,15,15,15,15,15,15,15,15,17,21,14,22
15,15,15,15,15,15,15,15,15,17,21,14,22
11,10,12
11,10,12,5
11,10,12,5
15,15,15,15,15,15,15,15,15,22,16,18
15,15,15,15,15,15,15,15,15,22,16,18
15,15,15,15,15,15,15,15,15,22,16,18,14,13
11,12,5,7,4
15,15,15,15,15,15,15,15,15,22,16,18,13,17
15,15,15,15,15,15,15,15,15,22,16,18,13,17
15,15,15,15,15,15,15,15,15,22,16,18,13,17,21
15,15,15,15,15,15,15,15,15,22,16,18,13,17,21
15,15,15,15,15,15,15,15,15,22,16,18,13,17,21,19
15,15,15,15,15,15,15,15,15,22,16,18,13,17,21,19
15,15,15,15,15,15,15,15,15,18,13,17,21,19,14
15,15,15,15,15,15,15,15,15,18,13,17,21,19,22
11,5,7,4,2
11,5,7,4,2,10
15,15,15,15,15,15,15,15,15,13,17,21,19,22
15,15,15,15,15,15,15,15,15,13,17,21,19,22
15,15,15,15,15,15,15,15,15,13,17,21,19,22,14
15,15,15,15,15,15,15,15,15,13,21,19,22,18
5,7,4,2,10,8
15,15,15,15,15,15,15,15,15,19,22,18,16
5,7,4,2,10,8,6
15,15,15,15,15,15,15,15,15,19,22,18,16,20
15,15,15,15,15,15,15,15,15,19,22,18,16,20,14
15,15,15,15,15,15,15,15,15,19,22,18,16,20,14
5,7,4,10,8,6,12
15,15,15,15,15,15,15,22,18,16,20,21,13
5,7,4,10,8,6,12,2
15,15,15,15,15,15,22,18,16,20,21,13
15,15,15,15,15,15,22,18,16,20,21,13
15,15,15,15,22,16,20,21,13
4,8,6,12,2,11
6,12,2,11,5
15,15,15,15,22,20,21,13,14
15,15,15,15,20,21,13,14
15,15,15,15,22,20,21,13,14,18,22
15,15,15,20,21,13,18,22,19
6,12,2,11,5,7
12,2,11,5,7,8
15,21,13,18,22
21,13,18,22,14
15,21,13,18,22,14
15,21,13,18,22,14
12,11,5,7,8,1
12,11,5,7,8,1,4
15,21,13,22,15,17,16
15,13,22,15,17,16
12,11,5,7,8,1,4,6
12,11,5,7,8,1,4,6
13,22,17,16,14
15,22,15,17,16,15
17,16,14
17,16
15,15,17,16,15,15,15
12,11,5,7,8,1,4,6,3,2
17,16
15,15,17,16,15,15,15,15
17,16
15,15,17,16,15,15,15,15,15
17,16,14
15,15,17,16,15,15,15,15,15,15
15,15,17,16,15,15,15,15,15,15,18
15,15,17,16,15,15,15,15,15,15,18,14
15,15,17,16,15,15,15,15,15,15,18,14,19
1,4,6,3,2,9
4,3,2,9,10
4,3,2,9,10,12
3,2,9,10,12,11
20
15,15,15,15,15,15,15,15,20
20,14
15,15,15,15,15,15,15,15,15,15
3,2,9,10,12,11,7
10,12,11,7,8

15,15,15,15,15,15,15,15,15,15,15
15,15,15,15,15,15,15,15,15,15,15,16
15,15,15,15,15,15,15,15,15,15,15,16,17
15,15,15,15,15,15,15,15,15,15,17
15,15,15,15,15,15,15,15,15,15,17,18
15,15,15,15,15,15,15,15,15,15,17,18,22
15,15,15,15,15,15,15,15,15,15,17,18,22,21
15,15,15,15,15,15,15,15,15,15,17,18,22,21,20
17,18,22,21,20,19
15,15,15,15,15,15,15,15,15,15,17,18,22,21,20,19
15,15,15,15,15,15,15,15,15,15,18,22,21,20,19,15,13
7,8,9
7,8,9
7,8,9
7,8,9,1,12,11
7,8,9,1,12,11,2
18,19,13,16
18,13,16
18,13,16
18,13,16
7,8,9,1,12,11,2,4
15,15,15,15,15,15,15,15,15,15,18,15,13,16,15,15,15,15
18,13,16,17
18,13,16,17
15,15,15,15,15,15,15,15,15,15,15,15,15,15,15,17,15,15
7,8,9,1,12,11,2,4,5
8,12,11,2,4,5,3
15,15,15,15,15,15,15,15,15,15,15,15,15,15,15,15,15,13
8,12,11,5,3,7
8,11,5,3,7,6
15,15,15,15,15,15,15,15,15,15,15,15,15,15,15,15,15,13,21
15,15,15,15,15,15,15,15,15,15,15,15,15,15,13,21,20
8,3,7,6,9
15,15,15,15,15,15,15,15,15,15,15,15,13,21,20,18
3,7,6,9,11
3,7,6,9,11,8
3,7,6,9,11,8,5
15,15,15,15,15,15,15
11
11

20
20,22
20,22,16
20,22,16

20,22,16
9
20,16
16
9,3
9,3,11

12
12,9
22
12,9,11
22
22
22






18
18
18

12
12
12,10,9
22,21
22,21
10,9,11
22,21,13
22,21,13,18
11,5
22,21,18,17
22,21,18,17
21,17,13
21,17,13,14
21,17,13
21,17,13,15,15
21,13,15,15
21,13
21,13
21,13,15,15,15,15
21,13,15,15,15,15
21,13,15,15,15,15
21,13,15,15,15,15
11,5,9
11,5,9
21,13,15,15,15,15,22,18,19
21,13,22,18,19
21,13,22,18,19
21,13,15,15,15,15,22,18,19,15,15
21,13,22,18,19,14
21,13,22,18,19
5,9,10,12
5,9,10,12,11
13,22,18,19
13,15,15,15,15,22,18,19,15,15,15,15
13,22,18,19,21
22,18,19,21
5,9,10,12,11,7
5,9,10,12,11,7,6
5,9,10,12,11,7,6
5,9,11,7,6,1,3
5,9,11,7,6,1,3,8
15,15,15,15,15,15,15,15,15,15,15

15,15,15,15,15,15,15,15,15,15,15
13
15,15,15,15,15,15,15,15,15,15,15,13,15
13,14
15,15,15,15,15,15,15,15,15,15,15,13,15,15
15,15,15,15,15,15,15,15,15,15,15,13,15,15,14
15,15,15,15,15,15,15,15,15,15,15,13,15,15,14
15,15,15,15,15,15,15,15,15,15,15,13,15,15,14
15,15,15,15,15,15,15,15,15,15,15,13,15,15,14,18,17,16
15,15,15,15,15,15,15,15,15,15,15,13,15,15,14,18,17,16,19
15,15,15,15,15,15,15,15,15,15,15,13,15,15,14,18,17,16,19
15,15,15,15,15,15,15,15,15,15,15,13,15,15,18,17,16,19,20,21
9,11,10
15,15,15,15,15,15,15,15,15,15,15,13,15,15,18,17,16,19,20,21,14
13,18,17,16,14,22
15,15,15,15,15,15,15,15,15,15,15,13,15,15,18,17,16,14,22
15,15,15,15,15,15,15,15,15,15,15,13,15,15,17,16,14,22,15,20
13,17,16,14,22,20,19
13,17,16,14,22,20,19
13,17,16,14,22,20,19
9,10,8
13,14,22,20,19
9,10,8,2
15,15,15,15,15,15,15,15,15,15,15,15,15,22,15,20,19,15,15,15,15
15,15,15,15,15,15,15,15,15,15,15,15,15,22,15,20,19,15,15,15,15,13
15,15,15,15,15,15,15,15,15,15,15,15,15,15,15,15,15,15,13,21
9,10,8,2,12
9,10,8,2,12,11
9,10,8,2,12,11
15,15,15,15,15,15,15,15,15,15,15,15,15,15,15,15,15,15,13,22
15,15,15,15,15,15,15,15,15,15,15,15,15,15,15,15,15,15,13,14
15,15,15,15,15,15,15,15,15,15,15,15,15,15,15,15,15,15,13,14,21
15,15,15,15,15,15,15,15,15,15,15,15,15,15,15,15,15,15,13,14,21
15,15,15,15,15,15,15,15,15,15,15,15,15,15,15,15,15,15,13,14,21
13,14,21,17,18,16
13,21,17,18,16
15,15,15,15,15,15,15,15,15,15,15,15,15,15,15,15,13,21,17,18,16,15,15
13,21,17,18,16,14
15,15,15,15,15,15,15,15,15,15,15,15,15,15,13,21,17,18,16,15,15,15
13,21,17,18,16,14
15,15,15,15,15,15,15,15,15,15,15,15,15,15,13,21,17,18,16,15,15,15,15
15,15,15,15,15,15,15,15,15,15,15,15,15,13,21,17,18,16,15,15,15,15
15,15,15,15,15,15,15,15,15,15,15,15,13,21,17,18,16,15,15,15,15
13,21,17,18,16,14
15,15,15,15,15,15,15,15,15,15,15,15,13,21,17,18,16,15,15,15,15,15
15,15,15,15,15,15,15,15,15,15,15,13,21,17,18,16,15,15,15,15,15
9,2,12,11,6,4
15,15,15,15,15,15,15,15,21,17,18,16,15,15,15,15,15,14
15,15,15,15,15,15,15,15,21,18,16,15,15,15,15,15,14,19
15,15,15,15,15,15,15,15,21,15,15,15,15,15,14,19,20
15,15,15,15,15,15,15,15,21,15,15,15,15,15,14,19,20
9,2,6,8
9,2,6,8
15,15,15,15,15,15,15,15,21,15,15,15,15,15,14,19,20,13,22
15,15,15,15,15,15,15,15,21,15,15,15,15,15,14,19,20,13,22,18
15,15,15,15,15,15,15,15,21,15,15,15,15,15,14,19,20,13,22,18
21,14,19,20,13,22,18,17,16
21,14,19,20,13,22,18,17,16
15,15,15,15,15,15,15,15,21,15,15,15,15,15,14,13,18,17,16,15,15
6,8,10,12
21,14,18,17,16,22
6,8,10,12,5
6,8,10,12,5
15,15,15,15,15,15,21,15,15,15,15,15,14,15,15,22
6,5,11,9
11,9,12
15,15,15,15,15,21,15,15,15,15,15,14,15,15,22,19
21,14,22,19,20
15,15,15,15,15,21,15,15,15,15,15,14,15,15,22,19,20,15
11,9,12,5
21,14,22,20,17
21,14,20,17
9,12,5,3
21,14,20,17
14,20,17
9,12,5,3,1
14,20
9,12,5,3,1,8
15,15,15,15,15,15,14,15,15,15,15,15,15,15
15,15,15,15,15,15,14,15,15,15,15,15,15,15
9,5,3,1,8,11
9,5,3,1,8,11,6
9,5,3,1,8,11,6,10
8,6,10,4
8,10,4,9
8,10,9

10,9

13
8
10
10
13
13,21
13,21,22
13,21,22
19
19
19,14,18
10,11
19,18,21





16
16,22
16,22,17
16,22,17,18
16,22,17,18,14
16,22,17,18,13
22,17,18,13,14
22,17,18,13,21
22,17,13,21,14
10
22,17,13,21,14,16
22,13,21,16,20
10,11
22,13,21,16,20,14
22,13,21,16,20,14,15
22,13,21,16,20,15,17
22,13,21,16,20,15,17
22,13,21,16,20,17,14
22,13,21,16,20,15,17,15
22,13,21,16,20,17,14
22,13,21,16,20,15,17,15,15
22,13,21,16,20,17,14
11,7
11,7
11,7
22,15,15,15
11,7,12,10,4
11,7,12,10,4
22,15,15,15
22,15,15,15
22,15,15,15,14
12,10,4,9,6
10,9,6,1
22,15,15,15
10,4
22,15,15,15
22,18
10,4,12
18
15,15,15,18,15
15,15,15,18,15
18,22,20
15,15,15,18,15,15,22,20,15
15,15,15,18,15,15,22,20,15
10,4,12,11
10,4,11,9
10,11,9,12
10,11,9,12,1
17,16
10,11,9,12,1,4
10,11,9,12,1,4,7
10,11,9,12,1,4,7
17,16
17
10,11,9,12,1,4,7,6,8


10,11,12,1,7,6,8,3
12,1,3,9

15,15,15,15,15,15,15,15,15

15,15,15,15,15,15,15,15,15
14
15,15,15,15,15,15,15,15,15
14
7
15,15,15,15,15,15,15,15
15,15,15,15,15,15,15,15,20
15,15,15,15,15,15,15,15,20
10
9
9,10
10,12
10,12,3
15,15,15

10,3,4
15,15,15,15
14
15,15,15,15,15
14
15,15,15,15,15
14

16


13
13,17

13,17,18
13,17,18
13,19,21
8
13,19,21,15
13,19,21,14
13,19,21,15,15
13,19,21,14,14
13,19,21,15,15,15
13,19,21,14,14
13,19,21,15,15,15,15
13,19,21,14,14,14,14
13,19,21,15,15,15,15,15
13,19,21,14,14,14,14,14
13,19,21,15,15,14,15,14,15,14,15,14,15
13,19,21,15,15,14,15,14,15,14,15,14,15
13,19,21,15,15,15,15,15,15,17,18
13,19,21,15,15,15,15,15,15,17,18,20


13,19,21,15,15,15,15,15,15,20,22
13,19,21,15,15,15,15,15,15,17
5,6
5,6,11
13,19,21,15,15,15,15,15,15,17,18
13,19,21,15,15,15,15,15,15,17,18,22
11,12
13,19,21,18,22,20
13,19,21,22,20
11,12,10
13,19,21,15,15,15,15,15,15,22,20,15,15
13,19,21,15,15,15,15,15,15,22,20,15,15
13,19,21,22,20,17,18
13,19,21,22,20,17,18
13,19,21,20,17,18
10,6
10,6,2
13,17,18
10,6,2,4
13,15,15,15,15,15,15,15,15,18,15,15,15,15
13,15,15,15,15,15,15,15,15,18,15,15,15,15
2,4,5
2,4,5,10
2,4,5,10,7
13,15,15,15,15,15,15,15,15,15,15,15
5,10,7,8
5,10,7,8,12
13,15,15,15,15,15,15,15
13,15,15,15,15,15,15,15
5,8,11
13,15,15,15,15,15,15
13,16
13,15,15,15,15,15,15,16
13,16,17
13,16,17
13,16,17
7
7,12
13
13
13,20,19
13,20,19,17
13,20,19,17,21

13,17,21,22
13,17,21,22
13,17,21,22,15,19
13,17,21,22,19,20
13,17,21,22,19,20
13,17,21,22,19,20
13,17,21,22,19,20
13,17,21,22,15,19,20,15,15,15
13,17,21,22,15,19,20,15,15,15,15,16
13,17,21,22,15,19,20,15,15,15,15,16
13,17,21,22,19,20,16,14,18
13,17,21,20,16,14,18
13,17,21,15,15,15,15,15,16,18,15,15
13,17,15,15,15,15,15,16,14,18,15,15,14
8
13,17,15,15,15,15,15,16,18,15,15,19
8,4
8,4,3
8,4,3
13,17,16,14,18,14,19,14
13,17,15,15,15,15,15,16,18,15,15,19,15
13,17,16,14,18,14,19,14,14
13,17,15,15,15,15,15,16,18,15,15,19,15,15
13,17,15,15,15,15,15,16,14,18,15,15,14,19,14,15,14,15,14
13,17,16,14,18,14,19,14,14,14,20
13,17,15,15,15,15,15,16,18,15,15,19,15,15,20,15
13,17,16,18,19,14,14,14,20,14
13,17,15,15,15,15,15,16,18,15,15,19,15,15,20,15,15
13,17,16,18,19,14,14,14,20,14,14
4,3,11,12
4,3,11,12,6
4,3,8
4,3,8,6
13,15,15,15,15,15,15,15,15
13,15,15,15,15,15,15,22
13,15,22,18
13,15,22,18
13,15,22,18,16,17
13,15,22,18,16,17
13,15,22,18,16,17

13,15,18,16,17,14
13,15,18,16,17,14,21
3
13,14,21,22
3,12
3,12
13,14,17
13,14,17,21
3,8,7
5
5,4
13
13,16
13,16


7
13

9
13
13
13
13

13
13,16
13,16
13,16
13,16

13,15,15,15,15
13,14
13,15,15,15,15
13,14,14
13,15,15,15,15,15,15
13,15,15,15,15,15,15
13,14,14,14,14
13,14,14,14,14

13,15,15,15
13,15,15,15,18
13,15,15,15,18,17
13,15,15,15,18,17,16
8
15,15,15,21
15,15,15,21,17
15,15,15,21,17
9
9,12
9,12,8
9,12,8,7

18
12,3
12,3,11

16
16,17
16,17,21
12,7
21,18
21,18
21,18
21,18,22,19,20
11
8
18
18,17
18,17,21
18,17,21,14
18,17,21,14,16
18,17,21,14,16,19
18,17,21,16,19,20
18,17,21,16,19,20
18,17,21,16,19,20
12
18,17,21,16,19,20
18,17,21,16,19,20
12,3
3,4
3,4,10
3,4,10
17,14,14,14
17,16
17,16
16
3,4,10,7,8
16
16
16,14,14,14,14
16,14,14,14,14
16,14,14,17,19
11
16,14,17,19,20
11,7
11,7,9
11,7,9,8


9

9,10
9,10,4

10,4,6
16
16
16,17,18
16,17,18
16,17,18
17,18
10,4,6,12
17,18
17,18
17,18
17,18
17,18,16
10,12,11
21
21,16
21,16,17
10,12,11,8
16,17,22
10,12,8,7
10,12,8,7,4
10,12,8,7,4,11
10,12,8,7,4,11,3
10,12,8,7,11,3,6

22
22,16
10,12,8,5
16,17
16,17,18
16,17,18,21
16,17,18,21,22
16,17,18,21,22
12,8,5,6
12,8,5,6,10
17,18,21,22,19,20
8,5,6,10,11
8,5,6,10,11,7
8,5,10,11,7,12
8,5,10,11,7,12,6
8,5,10,11,7,12,6,3
19,20
19,20,16
8,5,11,7,12,6,3,4
19,20,16,18
19,20,16,18,22
19,20,16,18,22
8,5,11,7,12,6,3,4,2
8,5,11,12,6,3,4,2,10
8,11,12,6,3,4,2,10,7
8,5,11,6,3,4,2,10,7,5

8,11,6,3,5,1
8,11,6,3,5,1,9
8,11,6,3,1,9,12

8,11,6,3,9,12,10
11,6,9,10,1

18
18
18,16
18,16,20
11,6,9,1,7
11,6,9,1,12
11,6,9,1,12,5
11,6,9,1,12,5,7
18,19
18,19
18,19,17,16
18,19,17,16
11,6,9,12,5,7,10
11,6,9,12,5,7,10
11,6,9,12,5,7,10,4,2
6,9,5,10,4,2,3
6,9,4,2,3,12
6,9,4,2,7


17,16
17,16,21
17,16,21
17,16,21,15
17,16,21,18
17,16,21,18
17,16,21,18
17,16,18
12
17,16,15,15,18,15,15,15,15
17,16,18,22
17,16,15,15,18,15,15,15,15,22
17,16,15,15,18,15,15,15,15,22,15,21
17,16,18,22,21,20
17,16,18,22,21,20
12,8
17,16,15,15,18,15,15,15,15,22,15,21,20,15,15
12,8,11
17,15,15,15,15,15,15,22,15,21,20,15,15,19
15,15,15,15,15,15,22,15,21,20,15,15,19
12,8,11,4
15,15,15,15,15,15,22,15,15,15,19,16,17
15,15,15,15,15,15,22,15,15,15,19,16,17
12,8,11,4,1
19,16,17,21,18
15,15,15,15,15,15,15,15,15,19,16,17,21,18,15
12,8,11,4,1,2
19,16,17,21,18,20
19,16,17,21,18,20
19,16,17,21,18,20
19,16,17,21,18,20
15,15,15,15,15,15,15,15,15,19,16,17,21,18,15,20,15,15,15,15
19,16,21,18,20,22
12,8,4,1,2,3
15,15,15,15,15,15,15,15,15,19,21,18,15,20,15,15,15,15,22,15
19,16,21,18,20,22,16
15,15,15,15,15,15,15,15,15,19,15,20,15,15,15,15,22,15,16,15
12,8,4,1,2,3,11
12,8,4,1,2,3,11
12,8,4,1,2,3,11
15,15,15,15,15,15,15,15,15,19,15,15,15,15,15,22,15,16,15,17
12,8,11,6,9,10
15,15,15,15,15,15,15,15,15,15,15,15,15,15,22,15,15,21
15,15,15,15,15,15,15,15,15,15,15,15,15,15,22,15,15,21
12,8,11,6,9,10,7
12,8,11,6,9,10,7,4
15,15,15,15,15,15,15,15,15,15,15,15,15,15,22,15,15,21,16,20
15,15,15,15,15,15,15,15,15,15,15,15,15,15,22,15,15,21,16,20
15,15,15,15,15,15,15,15,15,15,15,15,15,15,22,15,15,21,16,20,17,18
12,6,9,10,7,4,3
15,15,15,15,15,15,15,15,15,15,15,15,15,15,15,15,21,16,20,17,18,19
12,9,10,7,4,3,8
12,7,4,3,8,1
12,7,4,3,8,1,2
12,7,4,3,8,1,2,11
12,7,4,3,8,1,2,11,5
12,7,4,3,8,1,2,11,5,6
15,15,15,15,15,15,15,15,15,15,15,15,15,15,15,15,22
15,15,15,15,15,15,15,15,15,15,15,15,15,15,15,15,22,18
12,3,8,1,2,11,5,6,10
12,3,8,1,2,11,5,6,10,4
15,15,15,15,15,15,15,15,15,15,15,15,15,15,15,15,22,18,19
3,8,1,2,11,5,6,10,4,7
3,8,1,2,11,5,10,4,7,12
8,1,4,7,12,9
15,15,15,15,15,15,15,19
8,4,12,9,6
8,4,12,9,6,1
15,15,15,15,15,15,22
15,15,15,15,15,15,22
12,9,1,7
1,7,2
15,21,20
15,21,20
1,2,5
1,2,7

17


12
12,10
12,10,6

6,9
21
21
21,20,19
21,20,19,18
21,20,19,18,17
6,9,12
20,19,18,17,16
20,19,18,17,16,21
20,19,18,17,16,21
20,19,18,17,16,21,22
20,19,18,17,16,21,22
20,19,18,17,16,21,22
20,19,18,16,21,22
20,19,18,21,22
5
20,15,22,15,15,15,15,15
12
12
12,4,6
4,6,10
20,15,15,15,15,15,15
20,15,15,15,15,15,15,17
15,15,15,15,15,15,18
15,15,15,15,15,15,18,21

7
7,8
7

7,8

21
21,20
7,8,10
21,19
21,19,15
11
11,8
15,16
11,8,5
11,8,5,7
11,8,5,7,6
18
15,18,15
18,16
15,18,15,16
18,16,21
15,18,15,16,15,21
15,18,15,15,21,15,20
11,8,7,6,12
15,15,15,21,15,20,22
21,20,22,16
15,15,15,15,20,22,16,15
20,22,16,21
11,7,10
20,22,16,21
20,22,16,21
15,15,15,15,20,22,16,15,21,15,15
15,15,15,15,20,22,16,15,21,15,15
11,7,10,5
20,22,16,21,18,19
11,7,5,12
11,7,5,12
11,7,12,1,6
11,7,1,6,9
15,15,15,15,15,15,15,15,15
15,15,15,15,15,15,15,15,15,22
15,15,15,15,15,15,15,15,22,21
15,15,15,15,15,15,15,15,22,21,19
15,15,15,15,15,15,15,15,22,21,19,17
11,5
15,15,15,15,15,15,15,15,22,21,19,18
15,15,15,15,15,15,15,22,21,19,18
15,15,15,15,15,15,22,21,19,18
15,15,15,15,15,15,22,21,19,18
22,19,18,14,14,14,14
15,15,15,15,15,15,22,14,14,14,14,15
15,15,15,15,15,15,22,14,14,14,14,15,20
11,5,7
11,5,7
11,5,7
15,15,15,15,15,15,22,14,14,14,15,20,21
22,14,14,20,21,18
11,5,7,10,8,12
22,14,14,20,21,18
11,5,7,10,8,12,6
22,14,20,21,18
11,5,7,10,8,12,6,4
11,5,7,10,8,12,6,4,1
15,15,15,15,15,14,15,20,21,18,15,15,15
15,15,15,15,15,14,15,20,21,18,15,15,15
10,8,12,6,4,1,2
10,8,12,6,4,1,2
10,8,12,6,1,2,7,3
15,15,15,15,17,16
15,15,15,15,17,16,20
17,16,20,14
15,15,15,15,17,16,20,14,15
17,16,20,14,18
15,15,15,15,17,16,20,15,18
17,16,20,14,18,14
15,15,15,15,17,16,15,18,15,15
17,16,18,14,14
10,8,12,1,2
15,15,15,15,17,16,15,18,15,15,15
10,8,12,1,2,6
15,15,15,15,17,16,15,18,15,15,15
15,15,15,15,17,16,15,15,15,15
1,2,6,4
17,16,14,14
15,15,15,15,17,16,15,15,15,15
17,16,14
15,15,15,15,17,16,15,15,15,15
17,16,14
15,15,15,15,17,16,15,15,15,15
17,16,14
15,15,15,15,17,16,15,15,15,15
17,16,14
15,15,15,15,17,16,15,15,15,15
17,16,14
15,15,15,15,17,16,15,15,15,15
17,16,14
15,15,15,15,17,16,15,15,15,15
17,16,14
15,15,15,15,17,16,15,15,15,15
17,16,14
15,15,15,15,17,15,15,15,15
17,14
15,15,15,15,17,15,15,15,15
17,14
15,15,15,15,17,15,15,15,15
17
15,15,15,15,17,15,15,15,15
15,15,15,15,17,15,15,15,15
15,15,15,15,17,15,15,15,15
1,2,4,7
15,15,15,15,17,15,15,15,15,20,21
1,2,4,7,12
15,15,15,15,19
15,15,15,15
15,15,15,15
15,15,15,15
15,15,15,15
14,14,14,14
14,14,14,14
15,15,15,15,15
14,14,14,14
15,15,15,15,15
14,14,14,14,14
15,15,15,15,15
14,14,14,14,14
14,14,14,14
7
14,14,14
15,15,15,14,15,14,15,14,15,15,15
7,8
15,15,15,15,15,15,15,22
7,8,6
15,15,15,15,15,15,15
15,15,15,15,15,15,15
6,5
22,21
15,15,15,15,15,15,15,22,21,15
6,5,8
15,15,15,15,15,15,15,22,21,15
22,21,14
22,21,14
15,15,15,15,15,15,15,22,21,15,15,15
22,21,14,14
5,8,3
22,21,14,14
15,15,15,15,15,15,15,22,21,15,15,15,15,15
15,15,15,15,15,15,15,22,21,15,15,15,15,15
15,15,15,15,15,15,15,15,14,15,15,14,15,15,14,14
5,8,3,7
15,15,15,15,15,15,15,15,15,15,15,15,18
5,8,3,7,10
15,15,15,15,15,15,15,15,15,15,15,15,18
5,3,7,10,1
5,3,7,10,1
15,15,15,15,15,15,15,15,15,15,15,15,18
15,15,15,15,15,15,15,15,15,15,15,15,18
5,1,6
5,1,6
5,8,3

18
18,16
11
11
11,5



1

18
18



14
14,15
14,16
15,15,16,15

1
15,15,17
15,15,17
1,6
15,15,19,20
1,6,4
1,6,4,2
15,15,19,20,21
1,4,2,11
15,15
16
16
15,15,16,15
4,2,5
16,18
16,18
5,10
5,10,2
5,10,2,6
15,15
15,15
15,15,20,19
6,12
6,12,5
6,12,5
18
6,12,5,10,11


6,5,3
6,5,3,12
5,3,12,10

18
5,3,6
18,19
18,19
18,19
5,3,10
5,3,10,4
5,3,10,4,11
5,3,10,4,11
5,3,10,4
5,3,4
5,3,4


19,20
19,20


7,9


10


17
17,16
17,16
16

16,14,14,14
16,17
8
8,12

8,12,6
21
21,18
12,6,10
12,10,7
12,10,7,2

17
17,16
17,16
17,21,22
10
20
20
10,6


14,14
10,6,8
10,6,12






10,8
10,8


14
15
14,14
15
15
14,14,14,14
14,14,14,14
14,14,14,14
15,15
10,8,11,12

10,8

19
10,8
10,8,5
10,8,5,7


17,16
10,8,6
10,8,6,12
10,8,6,12

17
17,16
17,16
17,19
10,8,6
19
19
14,19,14,14,14
14,19,14,14,14
19,17,18
19,17,18
19,17,18,14,14
19,17,18,14,14
10,8,6
10,8,6,11
10,8,6,11
18
18
20,19
20,19
20,19,14,14
20,19,14,14
20,19,14,14
20,19,16,21,22
20,19,16,21,22
20,16,21,22
10,8
16,21,22,14,14,14
16,21,22,14,14,14
10,8,11
10,8,11,9
10,8,11,9

21
21
10,8


14,14,14
14,14,14
14,14,14
14,22,16,18
10,8,7
8,11
8,11,9
8,11,9,5
8




18,20
8
18,20
8,11
18,20
18,20
18,20
18,20
8,11,5

14,14
14,14
8,9
8,11
8,11,5


17,16
17,16
17,16,20,21
8,11
8,11,5
18
8,5,9
8,5,9,6

20
20
20,21,22
20,21,22
8,9,6

19
19
19
19
19
19,14,14,14,14
14,14,14,14,18

9
9,10
18
18
18,14
18,16
18,16
18,14,16,14,14
18,14,16,14,14
8
16,17,19
16,17,19
16,14,14,17,19,14,14
16,14,14,17,19,14,14
12


16
16
16
16



14,14,14
17
17
17
17

17
17
11
11
11,7,8

21
21,14
21,16
21,16
21,16
21,14,16,14,14
21,14,16,14,14
7,8,10
16,17,18
16,14,14,17,18,14
16,14,14,17,18,14
14,17,18,14,19,20
8,10,11
8,10,11,3
8,10,11,3
8,10,11,3,5,1
10,3,5,1,9
10,3,5,1,9
10,5,1,9,4,6
10,5,1,9,4,6
10,5,1,9,4,6,11,12
5,1,9,4,6,11,12

16
16,17
11,12,8,10
16,17,14
16,17,14,18
16,17,18,22
16,17,18,22
16
10
21
21,16
1
1,10


22
12
21
21,20
21,20
21,20
21,20,14
21,20,14
12,6
21,20,17,19
21,20,17,19
12,6,9
20,17,19,14,14
20,17,19,21
20,17,19,21
12,6,9,4
12,6,9,4,3
17,19,21,14
17,19,21,20
12,6,9,4,3,5
17,19,21,20,16
5,1
1,6
1,6,5
1,6,5,11
1,6,5,11,12
20
20,17
20,17
20,17,14
20,17,19
20,17,19
1,6,5,12
1,6,5,12
1,6,5,12,3,4
20
20
20,18,19
20,18,19
1,6,12,7
20,17,16
20,16
20
6,12,7,9
20
20
20
20
6,12,7,9,4

17
17,16
6,7
6,7,9
22
18
18
18
18,14,17,16
6,7,9,5
18,17,16,19
18,17,16,19
18,17,16,19
18,17,16,19
6,7,5,4
6,7,5,4,3
6,7,5,4,3,8
6,7,5,4,3,8,9
6,7,5,4,3,8,9,12
6,7,5,4,3,8,9,12

16
16
16,18,17
16,18,17,19
6,7,5,12,1
6,7,5,12,1,3
6,7,5,12,3,4
6,7,3,4,1



22,19,21
22,19,21
6,1,9
6,1,9


6,1,9,2,3
6,1,9,2,3
19,22
6,1,9,2,3,11,12
19,22
6,1,2,3,11,12,4
6,1,2,3,11,12,4,9
6,1,2,3,11,12,4,9,7
6,1,12,4,9,7,8
6,1,12,4,9,7,8

18
18,20
18,20,16
18,20,16,19
6,1,9,7
6,1,9,7,11
6,1,9,7,11,8
18
6,1,9,7,11,8,5
6,1,9,7,11,8,5,12
18
18,17
18,17
6,1,7,12,4
6,1,4,11
18
5
12



18

11

18
18
18
18


11

20
20,19

20
20,14
20,22
20,22
20,22,14,14
20,22,14,21
8
8,12
12,11
12,11,5
12,11,5,9
12,11,5,9,3


14,14
17
14,14,17
14,14,17
17,16,18
17,16,18
17,16,18
17,16,18,14
17,16,18,14
17,16,18,21,20
17,16,18,21,20
17,16,18,21,20,14
9,3,2
9,3,2,12
9,3,2,12,6
21,20,22
3,2,12,6,11
22,18
22,18,17
22,18,17
18,17,21,20
17,21,22
3,2,12,6,11,4
3,2,12,6,11,4,9
12,6,11,9,5





12,6,11,3
14
14,21
21,22
12,6,11,7
21,22
21,22,14
21,22,14,16
22,16,18
12,6,11,3
16,18
16,18,14
16,18,21
16,18,14,14,21
16,18,21,19
16,18,21,14,19
16,18,21,19,20
12,6,11,1
12,6,11,1,3
18,21,19,20
18,19,20
19,20,14,14
12,6,1,3,8
19,20,16
6,1,3,8,4
19,16
6,1,3,8,4,9
19
19
6,1,3,8,4,9,11
6,1,3,8,4,9,11
6,8,11,5,12
19
19
19,14,16
19,16,18
16,18
3
16,18
16,18
16,18
18
18,14
18,14
18,14
18,14,14,21,19,22
18,14,14,21,19,22,20
12
12,11
18,21,19,22,20,17
21,19,22,20,17
21,19,22,20,17
12,11,8
12,11,8,6
12,11,8,6
12,11,8,6,7,9
12,11,8,6,7,9,4

12


16
16
16,18,17
16,18,17
16,18,17,21,22
16,18,17,21,22


21,22,20,19
21,22,20,19
9,7
21,22,16,17
9,7,8
9,7,8
16,17,19
16,17,19
16,17,19,20,18
16,17,19,20,18,21
9,7,8,3,1
19,20,18,21,22
19,20,18,21,22
3,1,12
19,20,18,17,16
19,20,18,17,16
12,6
12,6,5
12,6,5
19,21,22
12,6,5,9,11
18
19
19,20
19,20,22
19,20,17
5
5
8,6
19
19,17
19,17,18
19,17,18
19,17,18,21,20
12
12
22
22
22,18,20
12,11,9
12,11,9,10
12,11,9,10,5


18,19



11

16
16,17
16,17,19
16,17,19
16,17,19
16,17,19
16,17,19
16,17,19,14
16,17,19,14
8
22,21
8,11
8,11
11,9,7
14
11,9,7,6
11,9,7,6,5
9,7,6,5,8

19
19,17
8,10
17,18
17,18,20
8,6
18,20,21
18,20,21,14
18,20,21,16
18,20,21,16
18,20,21,16
8
8,10
8,10
8,10,7,9


8
8


16
16
16
16
16
16
16,14
16,14
16,14,14,21,19
16,21,19,20
16,21,19,20,14
16,21,19,20,14,18
16,21,19,20,14,18,22
8
8
8,11,12
8,11,12,9
8,11,12,9,10
18,22,17
8,11,12,9,10,5
8,11,12,5,4

21
8
8,3







20,19
20,19
10

21
8
8
21,22
19
19,21
19,21,18
19,21,18,20
19,21,18,20
19,21,18,20
19,21,18,20
19,21,18,20
19,21,18,20

11
11,9
11,9,7


17
4

20
20
20
4,12

14
18
18
18
4,12,8
18
18
18,14,14
18,13
4,8,3
4,8,3,11
4,8,3,11,12

21
21,18
21,18
21,18,16,17
4,3,11,12,9
4,3,11,12,9,7
4,3,11,12,7,8
4,3,11,12,7,8,6
4,3,11,12,7,8,6,2

21
21,22
21,22
22,17,18
4,3,11,12,7,8,6,2
4,3,11,7,8,6,2,5
4,3,11,7,8,6,2,5
19
19
4,5
4,11

4,7

20

8

17

19

19,14
19,14
19,20,21
19,20,21
19,20,21
19,20,21
19,20,21
19,20,21
1
14
14,18
14,18,20
14,18,20,16
1,8
1,8,11
18,20
1,8,11,9
18,20









1,8,11,9,7
1,8,11,9,7,10



1,10
1,10
1,10
18
18
1,7,3,5
20,21
20,21
20,21
14,14
1,7,3,5,8
21
21
1,8,12
21
1,8,12,9
1,8,12,9,6

8


8,9
8,10



13

9
9,7

18
18,17
17
17
17,16,21
17,16,21,14
17,16,21,14,18
17,16,21,18,15
17,16,21,14,18,14
17,16,21,18,15
17,16,21,18,14,14
17,16,21,18,14,14
17,16,21,18,15
17,16,21,18,14,14
17,16,21,18
17,16,21,18,14,14
17,16,21,18,15
17,16,21,18,15
21,18,14


6,8
18,14,22
18,14,22
18,14,22,20,19
18,14,22,20,19
6,8,9
6,8,9
22,20,19,16,17
22,20,16,17,18
22,20,16,17,18
6,8,9,12,10
6,8,9,12,10
6,8,9,12,10,5,4
6,8,9,12,10,5,4
22,18,14,15
22,18,14,15
22,18,14,15
22,18,14,15,19,20,21
18,14,15,19,20,21,16
6,8,9,12,10,5,4,1,3
15,19,20,21,16,17
9,12,10,5,4,1,3,2
19,20,21,16,17,14
19,20,21,16,17,15
19,20,21,16,17,15
20,21,16,17,15,14
20,21,16,17,15,14
20,21,16,17,22,18
20,21,16,17,14,22,18
20,21,16,17,22,18,15
20,21,16,17,22,18,19
20,21,16,17,22,18,19
9,5,4,1,3,2,11
9,5,4,1,3,2,11,12
20,21,16,22,19
20,21,16,22,19
9,5,4,1,3,2,11,12,10
9,1,3,2,12,10,8
16,19
16,19,22
16,19,22,18
16,19,22,18,20
9,2,12,10,8,11
2,11,7
2,11,7,10
2,11,7,10

14
14,17
17,18
17,18
17,18,14,20
17,18,20,19
17,18,20,19
17,18,20,19
17,18,20,19,14,14
17,18,20,19,22
11,10,5,3
17,18,20,19,14,22,14
17,18,20,22,14,15
10,5,3,6
10,5,3,6,9
10,5,3,6,9,11
10,5,3,6,9,11,8
22,14
22,14
10,5,3,9,7
10,5,3,6
10,5,3,6,7
5,3,6,7,4




14,14
14,21
5,3,6,4,10
10,11
10,11,7
10,11,7,9
10,11,7,9,3
10,11,7,9,3,5
10,11,7,9,3,5,1
21

22,21
22,21
22,21
22,21
22,21
1,2
1,2,11
11,9
11,9
11,9,2,1
2,1,10
2,1,10
2,1,10,5,7

8
8
17
7,10
7,10,6
17
17,22
22,21
22,21
22,21
22,21
22,21
7,10,6
22,21
22,21
7,10,6,5
22,21
22,21
7,10,6,5,8
7,10,6,5,8,3
22,21
6,5,8,3,4
6,5,8,3,4
22,21
22

14
14,14,21
21,22
14,21,22,14
21,22,16
6,3,4,10,7
6,3,4,10,7,2
21,22,16
3,4,10,7,2,8
21,22,16
21,22,16
10,7,2,8,12
10,7,2,8,12,1
10,7,2,8,12,1,5
10,7,2,8,12,1,5
10,7,2,8,12,1,5,3,6
7,2,8,1,5,3,6,9
7,8,1,4
7,1,4,9

22
22
22
22
22,14,14
22,21
7,9,8
7,9,8
21,14
21,14,16
9,8,5,6
9,8,5,6,7
16,22
9,8,5,6,7,3
16,22
16,22,14
16,22,21
8,5,6,7,3,1
8,5,6,7,3,1
8,5,6,7,3,1,12,9
8,5,6,7,3,1,12,9,2
8,7,3,1,12,9,2,4

21
8,7,3,1,12,9,2,4,5
8,7,3,12,9,2,4,5,6
8,7,3,2,5,6,1
8,7,3,2,5,6,1,11
8,7,3,2,5,6,1,11,12

21
8,7,3,2,5,6,1,12,4
8,7,3,2,5,6,1,12,9
16
16
8,7,3,2,5,6,1,9,11
8,7,3,2,5,6,1,9,11
22,21
16
5,6,1,10,12
5,6,1,10,12,8
5,6,1,10,12,8,11
16,22
5,6,1,12,8,11,3
5,6,1,12,8,11,3,2
16,22
16
5,6,8,11,3,2,4
5,6,8,11,3,2,4,12
16
16
5,6,8,11,3,2,4,12,7
5,6,8,11,3,2,4,12,7,1
5,6,8,11,3,2,4,12,7,1,9
14
21
21
5,6,1
5,6,1
5,6,1,8,12
5,6,1,8,12,4
5,6,1,10
1,10,9
1,10,9,12

22
1,10,9,12
1,10,9,12,11

10,9,12,4

18
18,19
18,19,20
10,9,12,4,6
18,19,20,21
10,9,12,6,8
19,17
10,9,12,6,8,11
10,9,12,6,8,11,1
17,13
17,13
10,9,12,8,11,1,2
10,9,12,8,11,1,2
10,9,12,8,11,1,2,3,4
10,9,12,8,11,1,3,4,7
10,9,12,8,11,1,3,4,7,5

13
13
13
13
13
13
13,14,14,14
13,19
13,14,19,14
13,14,19,14
13,19,20,22
13,19,20,22
13,19,14,14,14
13,19,14,14,14
13,19,18,21
10,9,12,8,1,7
10,9,12,8,1,7
19,18,21,14
19,18,21,22
19,18,21,22
19,18,21,22,14,13
10,9,8,1,5,11
19,18,21,22,13,16
19,18,21,22,13,16
19,18,21,22,13,16
19,18,22,13,16
10,9,8,5,11,7
10,9,8,5,11,7,4
10,9,8,5,11,7,4,12
10,9,8,4,12,6
10,9,8,4,12,6
10,9,8,4,12,6,3,1
10,9,8,4,12,6,3,1,11


18,19
18,19
10,9,8,6,3,1,11
18,19,22,21
18,19,22,21,13
19,22,21,14
19,22,21,14,20
10,9,8,3,1
10,9,8,3,1,5
19,22,21,14,20,16
19,22,21,14,20,16,13
19,22,21,14,20,16,13
22,21,14,20,16,13,15,15
22,21,14,20,16,13,19
22,21,16,13,19,15
10,9,8,5,12
22,21,19,14
22,21,14,16
22,21,14,16
10,9,8,5,12,6
10,9,8,5,12,6,3
10,9,8,5,12,6,3,7
16,20,18
10,9,8,6,3,7,11
10,9,8,6,3,7,11,12
20,18,19
20,18,19,13
19,13,21
19,13,21,14
19,13,21,22
19,13,21,14,22
19,13,21,14,22
19,13,21,14,22
19,13,21,22,16,17,18
19,13,21,22,16,17,18
19,13,21,22,16,17,18
10,9,8,3,11,12,5
8,3,12,7
19,16,17,18
8,3,12,7,4
8,3,12,7,4,6
8,3,12,7,4,6


12,6,9,11
12,6,9,11,7
22
22
12,7,3
12,7,3,5


12,7,3,5,6
12,7,3,5,6,8
12,7,5,6,8,9
12,7,5,6,8,9,2
22,20
22,20
19
19,20
19,20
19,20,18,17
19,20,18,17
19,20,18,17,22,13
19,20,18,17,22,13
19,20,18,17,22,13
19,20,18,17,22,13
19,20,18,17,22,13,16
19,20,18,17,22,13,16,21
19,20,18,17,22,13,16,21
12,5,6,8,9,2,1
12,5,6,8,9,2,1,11
12,5,6,8,9,2,1,11
18,17,22,13,16,21
12,5,6,8,9,7,3
12,5,6,8,9,7,3
12,5,6,8,9,7,3,11,10
12,8,9,7,3,10,4
12,9,7,3,10,4,11
12,9,7,3,10,4,8
12,9,7,3,10,4,8,11

4






16
16
16,17,18
16,17,18,19
16,17,18,19,20
16,17,18,19,20,21
16,17,18,19,20,21,13
16,19,20,21,13,22


11,12
11,12,5
11,12,5,7
11,12,5,7,9
11,12,5,7,9,10
11,12,5,7,9,10

10

13
13,18
13,18
13,18
13,18
13,18,21,20,22,19
13,18,21,20,22,19
2
2,8
2,8,12
21
2,8,12,11
2,8,12,11
2,8,12,11
2,8,12,11,3,9,5
2,8,12,11,3,9,5,6



17,18,19
17,18,19,21
17,18,19,21
2
2
2,9,11
9,11,12

9,11,12,4
9,11,12,4
12,4,6,8


19,20
19,20,18
12
12,10


12,10,11
12,10,11,9
12,10,11,9


17,16
17,16,13
17,16,13
17,16,13,15
17,16,13,15
17,16,13,14
17,16,13
17,16,13,14
17,16,13,14,18
17,16,13,18
17,16,13,14
16,13
16,13
16,13
11,9,3,5
11,9,3,5
16,13
13
13,21
13,21,19
11,9
11,9,8
9,8,6
9,8,6
13
9
13
9
13
13
9
9
13
17
17,13
6
6,10
6,10,11
21
6,10,11,12
6,10,5



22,20,21
16

1


22,21
1,2
16
16
16,17,18
16,17,18,15
16,17,18,21
16,17,18,21
16,17,18,21
16,17,18,21,15
16,17,18,21,15,13
3
16,17,18,21,13,22
3,9
17,18,21,13,22,19
3,9,11
3,9,11
3,9,11,10,12
3,11,10,12,7
3,11,10,12,7,5
18,22
3,1
22,16
22,16,19
3,1,12
3,1,12
16,19,20
16,19,20,22
16,19,20,22
16,19,20,22
16,19,20,22
16,19,20,22
16,20,22
3,12,7,5
3,12,7,5
3,12,7,5,9,10
3,12,7,5,9,10
16
12,9,10,6,8
13
13
12,9,10,6,8,11
20,19
20,19,16
12,9,10,6,8,11,1
16,17
16,17
16,17
16,17,15
16,17,15
16,17,15
16,17,15,19,20,18
16,17,19,20,18,13
12,6,8,11,1,2
12,6,8,11,1,2,9
12,1,2,9,10
12,9,10,11
12,9,10,11,7


20,19

20,19
20,19,17
20,17,18
20,17,18
20,17,18
20,17,18
20,17,18
6
6,11
6,11,9




18
9
22
9,12
22
22,20
22,20
9
9,8



14
14
15,15
14
15
14,14
15
14,14
14
15
15,14

20
20
20,19,18
9
19,18,22
19,18,22,13
19,18,22,13
19,18,22,13
9,10
9,10
13
9,10,5,1


14,13
13,18
13,18
13,18
13,18

11
11,12



11,12
11,12,5

19
19,13
19,13,22
19,13,22,16
19,13,22,16,17
13,22,16,17,18
12
13,22,16,17,18,20
12,9
12,9,5
12,9,5,11
12,9,5,11,7
12,9,5,11,7,6
12,9,5,11,7,6
12,9,5,11,7,6,4,2





16,17
16,17
16,17
16,17,21,20,19
16,17,21,20,19
16,17,21,20,19
16,17,21,20,19,15,13
16,17,21,20,19,14,15,13
16,17,21,20,19,15,13,18
16,17,21,20,19,13,14,18,14
16,17,21,20,19,13,18,15
16,17,21,20,19,13,18,15
16,17,21,20,19,13,18,15
16,17,21,20,19,13,18,15

7
7
7,5,3
16
16
16,20,19
16,20,19
20,19,15
20,19,15
20,19,15,21,22
20,19,21,22,14
20,19,15,21,22,15
20,19,21,22,14,15,14
7,5,3,10
21,22,15,14,13
7,5,3,10,12
7,5,3,10,12,9
21,14,13,16
7,10,12,9,11
7,10,12,9,11,8
14,13,16,15
14,13,16,15
14,13,16,15
16,15,22,20,21
12,9,11,8
16,22,20,21
22,20,21
22,20,21
22,20,21,14
22,20,21,14
22,20,21,14
22,20,21,14
22,20,21,17,16,18,19
22,20,21,14,17,16,18,19
12,9,11,8,1
12,9,11,8,1,5
12,9,11,8,1,5,10
17,16,18,19,13
17,16,18,19,13
17,16,18,19,13
17,16,18,19,13
17,16,18,19,13,20,22,21
12,9,11,8,1,5,10,7
12,9,11,8,1,5,10,7
12,9,11,8,1,5,10,7
20,22,21
20,22,21
12,9,11,1,5,10,7,2,4,6
14
14,19
14,19,17
14,19,17
19,17,22,21
14,19,17,22,21
19,17,22,21,20
19,17,22,21,20
12,9,11,1,8
12,9,11,1,8,10
22,21,20,14
22,21,20,14,19
22,21,20,19
22,21,20,19,15
22,21,20,19,15,14
12,9,11,1,10,7
12,9,11,1,10,7,5
12,9,11,1,10,7,5,6
12,9,11,1,10,7,5,6
1,7,5,6,8,4
20,14
20,14
20,14,21,22
20,14,21,22,19
1,5,6,8,4,11
14,21,22,19,18
21,22,19,18,15
21,22,19,18,15,14
21,22,19,18,15,17
21,22,19,18,15,17,14
21,22,19,18,15,17,14,13
21,22,19,18,15,17,14,13,16
1,5,7
21,22,15,17,13,16,20
1,5,7,11
1,5,7,11
21,22,17,13,16,20
21,22,17,13,16,20
1,5,7,11,2,4
21,22,13,16,20
1,5,7,11,2,4,8
13,16,20
1,5,11,2,4,8,3
13,14
1,5,11,2,4,8,3,12
1,5,11,2,4,8,3,12,10
13,19
13
13
1,5,11,2,4,8,3,12,10,7
13,18
13,18,19
1,5,2,4,3,7,9
13,19,17
1,5,2,4,3,7,9,8
1,5,2,4,3,9,8,6
1,2,4,8,6,7
13,18
1,2,4,8,6,7,5
1,2,4,5,12
13
13
13
2,4,5,12,11


7

15
15
14
15
14
14
7,5
11


15
15
15
15
15,20,22,21,19
4
4
4
15,18
6,8,10
15
15,18
15,18
15,18
18,18,22,20,21
15,18,18,22,20,21
7
7,9
7,9
14
15,15,15
14,14
15,15,15,14,15
15,15,15,14,15
15,15,15,14,15,20,21
15,15,15,14,15,20,21,18
15,15,15,14,15,20,21,18
15,15,15,14,15,20,18,13,17
14,20,18,13,17,22
20,18,13,17,22
20,13,17,22
9,12,11
9,12,11,10
9,12,11,10,4
20,13,17,22
15,15,15,15,20,13,17,15,15,15,15
10,4,2
15,15,15,15,13,15,15,15,15,14
15,15,15,15,13,15,15,15,15,14
10,4,2,3
10,4,2,3
10,4,2,3
10,4,2,3,12,11,8
10,4,2,3,12,11,8,9
15,15,15,15,15,15,15,15,20,21
15,15,15,15,15,15,15,15,20,21,13
4,2,3,12,11,8,9,7
15,15,15,15,15,15,15,15,21,13,18
15,15,15,15,15,15,15,15,21,13,18,22
21,13,18,22,14
15,15,15,15,15,15,15,15,21,13,18,22,14
21,13,18,22,14,16
15,15,15,15,15,15,15,15,21,13,18,22,15,16,15
15,15,15,15,15,15,15,15,21,13,22,15,16,15,14
15,15,15,15,15,15,15,15,21,13,22,15,16,15,14
4,2,8,9,7,6
4,2,8,9,7,6,11
4,2,8,9,7,6,11,12
4,2,8,9,7,6,11,12,5
4,2,8,9,7,6,11,12,5,1
15,15,15,15,15,15,15,15,21,15,16,15,17,19
4,2,8,6,11,5,1,3
4,2,8,6,11,5,1,3,9
4,2,8,6,11,5,1,3,9,7
4,2,8,6,11,5,1,3,9,7
15,15,15,15,15,15,15,15,21,15,15
15,15,15,15,15,15,15,15,21,15,15,18
4,2,8,3,9,7,12,10
18,17
15,15,15,15,15,15,15,15,15,15,18,17
15,15,15,15,15,15,15,15,15,15,18,17,15,16
15,15,15,15,15,15,15,15,15,15,18,17,15,16
4,2,3,9,7,12,10,6
4,2,3,12,10,6,8
3,12,10,6,8,7
15,15,15,15,15,15,15,15,15,16,20,21
3,8,7,11
15,15,15,15,15,15,15,15,15,16,20,21,22
15,15,15,15,15,15,15,15,15,16,20,21,22,19
3,8,7,11,12
3,8,7,11,12,9
3,8,7,11,12,9,10
3,8,7,11,12,9,10
8,7,11,12,9,10,2,1
8,11,12,9,10,2,1,3
8,11,12,9,10,2,1,3,5
15,15,15,15,15,15,15,15,15,20,21
15,15,15,15,15,15,15,15,15,20,21,16
15,15,15,15,15,15,15,15,15,20,21,16
11,9,10,5,4
15,15,15
15,15,15
15,15,15,17,18
5,4,8
5,4,8,12
15,15
15,15
15,15
15,15,14
15,16
5,4,8,12,11
5,4,8,10
16
5,4,8,10,9
5,4,8,10,9,12
17
5,4,8,10
5,4,8,10,9

17
17,18
17,18,19
17,18,19,20
5,4,8,10
5,4,8,10,11
5,4,8,10,11,12
5,4,8,10,11,12,7

19
19
5,4,8,10
5,4,8,10,11
5,4,8,10,11,1


18
18,14
18,14
18,20,19
18,14,20,19
18,14,20,19
18,20,19,22,21
18,20,19,22,21,14
5,4,8,11,1,2
5,4,8,11,2,10
5,4,8,11,2,10,7
19,17
19,17
5,4,8,11,10,7,12
17,13
17,13,21
17,13,21,14
4,8,11,10,7,12,3
4,8,11,10,7,12,3,5
4,8,11,10,7,12,3,5,1
13,14
13,14,19
13,14,19,18
13,14,19,18,17
4,8,11,5,1,2
13,14,18,17,20
13,14,18,17,20,19
13,14,18,17,20,19
13,14,18,17,20,19,22,21
4,8,11,2,12
14,18,17,19,22,21,16
4,8,11,12,7
14,18,20
4,8,11,12,7,9
14,18,20,13
14,18,20,13
4,8,11,12,7,9,3
14,18,20,13,16,17
14,18,20,13,16,17
4,8,11,7,9,3,10
4,8,11,7,9,3,10
4,8,11,7,9,3,10,1,2
14,18,13,21,22
4,8,11,1,2,12
4,8,11,1,2,12,5
14,18,13,20
14,18,13,20,16
4,8,5,3
4,8,5,3,10
4,8,5,3,10,11
14,13,16,19
4,8,5,3,10,11,12
4,8,5,3,10,11,12,7
14,17
14,17,16
14,17,16
4,8,5,3,10,11,12,7,9
4,8,5,10,11,12,7,9,1
14,16,19,22
4,8,11,12,7,9,1,2
4,8,12,7,9,1,2,5
4,8,9,2,5,3
14,16
14,16,20
14,16,20
14,16,20,17,18
4,8,9,7
14,16,20,17,18,13
14,16,20,17,18,13,19
14,16,17,18,13,19,21
4,8,9,10
14,18,13,21,22
14,18,13,21,22,19
14,13,22,19,17
14,13,22,19,17,20
14,13,22,19,17,20
4,8,9,12
4,8,9,12,11
4,8,9,12,11
4,8,9,12,11,10,7
4,8,9,12,11,10,7,5
14,13,22,16,18
4,8,9,12,11,10,7,5,3
14,13,22,16,18,20
22,20,19
4,8,9,12,11,10,7,5,3,1
22,20,19
22,20,19
4,8,12,11,5,3,1,2
4,8,12,11,5,3,1,2,9
4,8,12,11,5,1,2,9,10
22,20,14
4,8,12,11,5,1,2,9,10,7
4,8,11,2,9,10,7,3
4,8,11,10,7,3,1
4,8,1
4,1,3


17,16
4,1
4,1,5
1
1,10

19
19,13
19,13
19,13
19,13
19,13
19,13,14,16,17,18
19,13,15,16,17,18,15
19,13,16,17,18,14
19,13,15,16,17,18,15,15
19,13,16,17,18,14
19,13,16,17,18,15,15,15
19,13,16,17,18,14
19,13,16,17,18,14
19,13,16,17,18,15,15,15
1,10,5
13,16,17,18,14
13,16,17,18,15,15,15
13,16,17,15,15,15
16,17,15,15
15,15
1,5,7
1,5,7
1,5,7,11,9
1,5,7,11,9
1,5,7,11,9,10,12
15
1,5,7,11,9,10,12,3


14
14,13
13,16
13,16,14
13,16,15
13,16,14
1,7,11,9,10,12,3,2
13,16
13,16,15,15,15
13,16,15,15
13,16,14
13,16,15,15
13,16,15,15
13,16,15,15
13,16,14
13,16,15,15,15
1,5
1,5,12
1,5,12,11


13
13
13
13,14,17,16
13,17,16,18
13,17,16,18
13,17,16,18
1
1,7
1,7,12


15
14
15,15
14
15,15,15
15,15
15
14,14
15,15
15,15,17
1,7,12,10
1,12,10,11
17,16
15,17,16
15,17,16
17,16,14,13
17,16,13,15
17,16,13
17,16,13,14,14
17,16,13,15
17,16,13,14
17,16,13,15
17,16,13,14
17,16,13,14
17,16,13,15,22
17,16,13,15,22
17,16,15,22
1
1,11
1,11,9
17,16,22
1,11,9,7
1,11,9,7
1,11,9,7
17,16,18
1,12,2,10
1,12,2,10,5
1,12,2,10,5,9

21
21,13
21,13,15
21,13,14
21,13,14
13,15
13
13,15
13,14
13,15
13,15
13,14





3,5

16
16
16,17,18
16,17,18,19
11
11


20,21
20,21,18
20,21,18


10,9
16,17
9,12
9,12
21
21
21
21
21,19,20,18
19,20,18
12,11,10
19,20,18
19,20,18
19,20,18
19,20,18
19,20,18
19,20,18,21,22
19,20,18,21,22
19,20,18,21,22,16,17
11,10,1
1,9
1,9,12
19,20,18,21,22
1,9,12,7
1,9,12,7,5
19,20,18
19,20,18
19,20,18,16,17
1,9,5
1,9,5,11
19,20,18
1,9,11,10
12

21
21
11
10

14
14


14,22
14,22
22,15
22,14
22,14
22,15
22,15,14
22,15,14
22,15,14
19,20
19,20,22
19,20,22,17
19,20,22,17,13

5
19,20,13
19,20,13
19,20,13
5,11
5,11,9


9,10
10

16
10,12


11


11
11
16,17
16,17
16,17
16,17
16,17
16,17
16,17
11,12,10
15
15,21
15,21
11,12,10,9
11,12,10,5
19,20
19,20
12,10,5,6
12,10,6,8
12,10,6,8



22
8
8,6
8,6,4

17
17,18
17,18
8,6,4
8,6,4
17,18,21
8,6,4,5,7
8,5,7,11
8,5,7,11,4


8,5,7,11,4,9

20
8,11,9,12
21
21,19
8,11,9,12,10
19,20
20,13
11,9,10,5
11,9,10,5,8
5,7
13
13
5,11
5,11,10
5,11,10,7
13,21
13,21
13,21,14
13,21,16
13,21,16
13,21,16
5,11,10,7
13,21,14
13,21,14,17
13,21,14,17
13,21,14,17
5,10
13,21,14,18,19,16
5,10,11
5,10,11
5,10,11,12,8
11,12,8,7
13,14,22
13,14,22,17
13,14,22,17,16
13,14,22,17,16,20
13,14,22,16,20,21
5
13,14,22,16,20,21,19
8
8,6
13,14,22
13,14,22
6,12
6,12,2
6,12,2,4
13,14,17,16
13,14,17,16,18
12,2,4,3
2,4,3,11
13
13
13,17,16
13,17,16
13,17,16,19,18
13,17,16,19,18
13,17,16,19,18,14
13,17,16,19,18,14,21
2,4,3
2,4,3,12
2,4,3,12,10
2,4,3,12,10,6
2,4,3,12,10,6,8
13
13,21
13,21,20
3
3
3,8,12
13
13
13,21,20
13,21,20
13,19,18
13,19,18
13,19,18,17,16
13,19,18,17,16
13,17,16
4
13,17,16,14,14
17,16,14,22
17,16,22,13
17,16,22,13
4,11
22,13
4,11,9
22,13
22,13
11,9,6
11,9,6,12

18
18,19
18,19,21
9,6
18,19
18,19
9,6,12
9,6,12,8
21,22
22,20
22,20
6,12,8,10
6,12,8,10,9
12,8,10,9,7
19
19
19
9,7,11
9,7,11,10
21,20,22
21,20,22,13
21,22,13,16
21,22,13,17
22,13
22,13
22,13,19,16
22,13,19,16
22,19,16,17,18
7
22,19,16,17,18
22,19,16,17,18
22,19,16,17,18
7,12
22,19,16,17,18
22,19,16,17,18
22,19,16,17,18
19,16,18
7,12
7,12
7,12
7,12,8,10,6
19,15
19,15
7,12,8,10,6,11
19,20,21
19,20,21,22
19,20,21,22
19,20,21,22,17,18
19,20,21,22,17,18,15
19,20,21,22,17,18,15,13
19,20,21,22,17,18,13,16
19,20,21,22,17,18,13,16
19,20,22,17,18,13,16
7,12,8,10,6,11,9
7,12,8,10,6,11,9
19,17,18,13,16,15
19,17,18,13,16,15,20
7,12,8,10,6,11,9,4,2
7,8,10,6,4,2,5
7,8,10,6,4,2,5,12
19,17,18
7,8,10,6,5,12,9
7,8,10,6,5,12,9,2
7,8,10,6,2,1
7,8,10,6,3
7,8,10,6,3
7,8,10,6,3,11,12


7,8,10,6,3,11,12,5
7,8,10,6,5,9

6,5
6,5
6,5,9,7

19
19
19,22,20
6,4
22,20,21
6,12
21,18
21,18
21,18,19,20
21,18,19,20,17
6
6,11
6,11,3
6,11,3,5

15
22
22
6,11,3,5,1
22,15
22,15,13
6,3,1,10
13,19
13,19,22
6,3,1,10,4
6,3,1,10,4
13,19,22,15
13,19,22,15,18
13,19,22,18,17
13,19,22,18,17
13,19,22,18,17
13,19,22,18,17
22,18,17,15
6,1,10,4,9,12
19,22,18,17,19
6,10,4,9,12,7
6,10,4,9,12,7,5
6,10,4,9,12,7,5,8
6,10,4,9,12,7,5,8
19
19
17
17,15
17,15
6,10,9,12,5,8,1,2
17,15,22,13
6,10,9,12,5,8,1,2,7
15,22,13,19
6,10,9,12,5,8,1,2,7,4
22,13,19,17
22,13,19,17
6,10,9,12,8,7,4,3
13,19
6,10,9,12,8,7,4,3,5
19,18
6,10,9,12,8,7,4,3,5,1
18,17
18,17
6,10,9,12,5,1,2
6,10,9,12,5,1,2,7
15
15,22
22,19
15,22,19
22,19,18
6,10,2,7,8
22,19,18
6,10,12
6,10,12,4
17
17
6,10,12
17
17,18
17,18,19
17,18,19,15
6,10
17
17,22
17,22
17,22
17,22
17
10,9
10,9
17
17
10,9,6,5
10,9,6,5,11
10,5,11,12
17
17,19
10,1
17
10,1,7
17

10,1,7,11
10,1,7,11,12


15,15,15,15,15
18
18
15,15,15,18,15,15
15,15,15,15,19
10,1,7,11,12,8
15,15,19
19,18
15,19
15,19

10,1,12,8,5


15,15,15
10,1,12,8,5,6
22
22
22
22,15,17,18
22,17,18,13
22,17,18,13
22,17,18,13
10,1,12,8,5,11
10,1,12,8,5,11,6
10,1,12,8,5,11,6
10,12,8,6,3,4
13
13
13,18,22
13,18,22
13,18,22,17
13,18,22,17
18,22,15,17,15,15
18,22,15,17,15,15,13
18,22,17,13,16
18,22,17,13,16
18,22,17,13,16
18,22,17,13,16
10,12,8,11
10,12,8,11
15,13,16,15,15,15,15
10,12,8,11,9,7
10,12,8,11,9,7
10,12,8,11,9,7
15,13,16,15,15,15,15,18
13,16,15,15,15,15,18,22
10,8,9,7,5,4,6
16,15,18,22,17
10,8,9,7,5,4,6,11
10,8,9,7,5,4,6,11,12
10,8,9,7,5,4,6,11,12,2
10,8,9,7,5,4,6,11,12,2,1
17
10,8,5,4,6,12,2,3
10,8,5,4,6,12,2,3,9
10,5,4,6,12,2,9,11
10,5,4,6,12,2,9,8
10,12,8,7


15,15
13
13
13
10,11
13,15,15,15
10,11,9
10,11,9,6
10,11,9,6,8


10,11,6,8,7
10,11,6,8,7,3

16
16,17
10,11,8,3,5
16,17,18
16,17,18,22
10,3,5,7
10,7,11
22
10,7,11,5
10,11,5,9
15
22
22
22
10,9,6
22,15
10,9,6,11
22,15,18
10,9,6,11,5
18,13
18,13
18,13,17,19
10,9,6,11,5,3
10,6,11,5,3,7
10,6,11,5,3,7,9
10,6,11,3,7,9,1
10,6,11,3,7,9,1
10,6,11,3,7,9,1

10
10,1





5

18
18,20
18,20
18,20
18,20
18,20,15,16,13
18,20,16,13,14
18,20,15,16,13,15
18,20,16,13,14
18,20,15,16,13,15,15
18,20,15,16,13,15,15
20,16,13,14,14
5,6
15,16,13,15,15,15
16,13,14
15,16,13,15,15,15,15
5,6,11
15,16,13,15,15,15,15
15,13,15,15,15,15,14
15,13,15,15,15,14,17
13,14,17
15,13,15,15,15,14,17
13,14,17
13,15,15,14,17
13,14,17
13,15,15,14,17
13,14,17
13,15,14,17
13,14,17
15,14,17
14,17
15,14,17
15,14,17
17,18
15,17,18
17,18
11,8
11,8
11,8,7,9

20
20,18
20,18,21

10
10,8

18
18
11
11,12
19,20
19,20
11,12,8
19,20
12,8
19,20,13
12,8,11
12,8,11,7
12,8,11,7,6
12,8,10


19,20
19,20,18
19,20,18,16
19,20,18,16,17
20,18,16,17,13
20,18,17,13,19
20,18,17,13,19,16


11,12
11,12,10
11,12,10,9

4
20
20
10
20,13
20,13
20,13
10,6
20
10
10,11



19,13
19,13
19,13
19,13
19,13

14,14

14,22
14,22,13
22,13,16
22,13,16
22,13,16
22,13,16
13,16
14,13,16,14,14,14,14,14
13,16,17
14,13,16,14,14,14,14,14,17,14
13,16,17,22
11
11,12
11,12,3
11,12,3,8
11,12,3,8,1
17
17,14
17,13
17,13
17,13
17,13
11,1,9
17,14,14,14,14,14
17,14,14,14,14,14,22
17,22,13
17,22,13
17,22,13
11,1,9,12
11,1,9,12,4
11,1,9,12,4,7
17,22,13
17,13
11,1,9,4,7,5
14,14,14,14,14,14,14
15
1,9,4,7,5,10
1,9,4,7,5,10,12
1,9,4,7,5,10,12,8
1,9,12,8,6

1,12,11

21
13
13,20
13,20,19
12,9
13,20,19
13,20,19
13,20,19
13,19
14,14,14,14
12,9,11
12,9,11,8
14,19
19,13
12,9,8,3
12,9,8,11
12,9,11,5
12,9,5,8

13
13
12,9
13,20
13,20
12,9,10
12,9,10
13
12,9,10,4,8
13
13,21
13,17
13,17,20
13,17,20,19

13,17,20,19,18
3
13,20,19,18,16
13,20,19,18,16,17
3,8
3,8
3,8,11,7
3,8,11,7,6
13
13
13,19,20
13,19,20,18
3,8
3,8,11
3,8,11,4
3,8,11,4,2
8,11,4,2,7


19,20
19,16
19,13
4,2,7,6
4,2,7,6,5
4,2,7,6,5
19,21
21,20
21,20
21,20,19,18
4,2,7,8
4,2,7,8,5
19,18,13
4,2,7,8,5,6
4,2,7,8,5,6,11
19,18,17
4,2,7,8,6,11,3
19,18
4,2,7,8,5
19,18
4,2,7,8
4,2,7,8,5
4,2,7,8,5,3


22
22
22,21,20
22,21,20
4,2,8,5
4,2,8,5
22,21,20,19,13
22,21,20,19,13
22,21,20,19,13,18,17
21,20,19,13,18,17,16
21,20,17,16
4,2,8
21,17,16
4,2,8,10
4,2,8,10
4,2,8,10,5,11
4,2,8,10,5,11,7
17,16,15,15,15
4,2,8
4,2,8,6


19,18
4,2,8,11
20
20
20
20,16,17,18
20,16,17,18,19
4,2,8,7
16,17,18,19,21
16,17,18,19,21,20
16,17,18,19,21,20,15
16,17,18,19,21,20,13
16,17,18,19,21,20,13
16,17,18,19,21,20,13
16,17,18,19,21,20,13
2,10
2,10,8
2,10,8
2,10,8
21,20,15,13,15,15,15,15
2,10,8,7,3,5
15,15,15,15,15,19
15,15,15,15,15,19
2,10,8,7,3,5,6
19,16,17
16,17
16,17
2,8,7,3,5,6,11
16,17
16,17
2,3,5,6,11,10


2,3,5,6,11,10,8
15,15,15,15,15
2,3,5,6,4
2,3,5,6,4,10
2,5,10,8

20
20,16
20,16,13
20,16,13,18
2,10
2,10,5
2,10,5,7
10,5,7,8
10,5,7,8,3

10,7,8,3,2

10,7,8
10,7,8,11

18
18,19
18,19
8,6
8,6
8,6
8,6,5,3,9
8,6,5,3,9,11
8,6,5,3,9,11,10


8,5,3,9,11,10,2


9
9,4



13
5
5
9,11

10
13
13,21
13,21,16
13,21,16,17
13,17,18
13,17,18
13,17,18,22,19
13,17,20
10
10
13,17,20,19
13,20,19
10,5,8
13,20,19
13,20,19
10,5,8,4
13,20
13,20,14,14,14,14,14
13,20,14,14,14,14,14
13,20,14,14,14,14,14,19,21
13,20,14,14,14,14,14,19,21
13,20,14,14,14,14,14,19,21
5,8,4,11
13,14,14,14,14,19,21,17,18,16
14,14,14,19,21,17,18,16,20
19,21,17,18,16,20,13
19,21,17,18,16,20,13
4,11,9
19,21,17,18,16,20,13
4,11,9,8
17,20,13,14,14,14
17,20,13,14,14,14,21
17,20,13,14,14,14,21,19
9,8,10
9,8,10,5
8,10,5,11
8,10,5,11,2
8,10,5,11,2
14,18
14,15
14,20
10,5,11,2,4,9
10,5,11,2,4,9,1
10,5,11,2,4,9,1
14,15,20,15
14,15,20,15
14,15,20,15
10,5,11,2,4,9,1,6,8
14,15,20,15,19,17,18
11,9,6,8,3
11,9,6,8,3,10
19,17,18
19,17,18,21
19,17,18,21,20
19,17,18,21,20,16
19,17,18,21,20,16,15
19,17,18,21,20,16,13
17,18,21,20,16,13
17,18,21,20,16,13
9,10
17,18,21,20,16,15,15,15
9,10,1
9,10,1,11
9,10,1,11
9,10,1,11,2,4
9,10,1,11,2,4,5
10,1,11,2,4,5,7

10
10

19
19,22
10
10,11


15
15
15
15,15,19,18,17
19,18,17,21
19,18,17,21
15,15,19,18,17,21,15,15
15,15,19,18,17,21,15,15,16
15,15,19,18,17,21,15,15,16
19,18,17,21,16,13,22
15,15,19,18,17,21,15,15,16,13,22,15
18,17,21,16,13,22,20
15,15,17,21,15,15,16,13,22,15,20,15
9
9
15,15,21,15,15,16,13,22,15,20,15,18
5,6
15,15,15,18,19
5,6,3
15,15,18,19,21
5,6,3,4
5,6,3,4,8
5,6,3,4,8
15,18
5,8,7,10
15,21
8,9
8,5
8,5
8,5,10,9
8,5,10,9,3
15
15,16
15,16,13
15,16,13,17
15,16,13,17,21
15,16,13,17,21,19
8,3
15,13,17,21,19,18
8,3,11
15,19,18,16
8,3,11,9
15,19,18,16,17
8,3,11,9,5
15,19,18,16,17,20
8,3,11,9,5,6
8,3,11,9,5,6
8,3,11,9,5,6,1,10
8,3,11,9,4
15,19,18
8,9,1
15,19,18
15,19,18,13
8,9,6
15,19,18,13,21
15,19,18,13,21
8,5
8,5,9
5,9,11
15,13
15,13,21
15,13,21,20
15,13,21,20,16
9,11
15,13,21,20,16,19
9,11,8
9,11,8,3
9,11,8,3,6
15,13,21,18
15,13,21,18,19
15,13,19,16
15,13,19,16,17
9,11,3,6,10
9,11,3,6,10,4
9,11,3,6,10,4,2
15,17,20
9,11,6,10,4,2,1
9,11,6,10,4,2,1,3
10,4,1,3,8
10,4,1,3,8,6
10,6,2

5
15
15
15
15
15
15,14,14,14
15,14,14,14
7
15,16,17
15,16,17
7,11
7,11,9
7,11,9,10
7,11,9,10,8
15
15

15
15,20
15,20
15,20,22,21
15,20,22,21,18
15,20,22,21,18
15,20,22,21,18,16,17
15,20,22,21,18,16,17,13
15,20,22,21,18,16,17,13
15,20,22,21,18,16,17,13
15,21,18,16,17,13,14,14,14
15,18,16,17,13,20
15,18,14,14,14,20,14


6,4
6,4
15,18,14,14,14,20,14,22
6,4,5,3
15,18,14,14,14,20,14,22,17
15,18,14,14,14,20,14,22,17
15,18,20,22,17,13,16
6,4,5,3,9
15,14,14,14,20,14,22,17,13,16,14
15,20,22,17,13,16,18
15,20,17,13,16,18
6,4,5,3,9,8
6,4,5,3,9,8,1
6,4,5,3,9,8,1,2
6,4,5,3,9,8,1,2,10
6,4,5,3,1,2,10,11
6,4,5,3,8
6,4,5,3,8,10
15
6,4,5,3,10,9
6,4,5,3,10,9,2
15,13
10,9,2,1
10,9,2,1,5
10,9,2,1,5,3
10,9,3
10,9,1
10,9,8
15
9
9
15
15
9
9,8
15
15,18
15,18
15,19,20
15,19,20,21
15,19,20,21
9
9
21,16,22
21,16,22,19
9,5,3
9,5,3,6
9,5,3,6,4
6,4,8
13
13,16
13,16,18
13,16,18,19
6,4,8,9
8,9,5
9,5,3

9,4

18
18,21

9
19
19,20
19,20


9,7
19
9,7,6
9,7,6,12

16
6,12

18
18,19
18,19,20
18,19,20,21

1
1,3
18,16
1,3,5
1,3,5,10
1,3,5,10,8

18
18,13
18,13
18,13
18,13,14,14
18,13,19
18,13,19
18,13,19
18,13,19
18,13,19
8
8,10
8,10,11


19,20
19,20
19,20,22,21
8,11
8,11
8,11,2,4

21
8,11
8,11,10


21,22
21,22
21,22,18,19
21,22,18,19
8,1
8,1,12
21,22
21,22
8,1,12,10
8,1

18
18,16
18,16,19
18,16,19,20
18,16,19,20
18,16,19,20
18,16,19,20
18,16,19,20,13,22,21
19,20,13,22,21
19,20,14,13,22,21,14
19,20,14,13,22,21,14,14,16
19,20,13,22,21,16,18
20,13,22,21,16,18
20,13,22,21,16,18
20,14,13,22,21,14,14,16,18,14,14,14

12
13,22,21,16,18,19
12,11
13,22,21,14,14,16,18,14,14,14,19,14
12,11,8
12,11,8
12,11,8,5,7
12,11,8,5,7,9
19,14,20
8,5,7,9,6
8,5,7,9,6,11

8,6,11
8,11,9
8,11,9,6

9,6



22,21,20
22,21,20
22,21,20
6,11
6,11
6,11,12,10
6,11,12,10


22,21
22,21,18
22,21,19
22,21,19
12,10,4,8
12,10,4,8,6
19,16,13
19,16,13,18
19,16,13,18,20
19,16,13,18,20
16,13,18,20,21,22
4,8,6,9
13,21,22,19
9,10
9,10
9,10,7,5
9,10,7,5,3

20
9,3

19
3
3,2


3,2,4
3,2,4


20,19
20,19
3
16,18
16,18
16,18,19,20
9
9,7
9,7,12
9,7,12

22
22,20
22,20,21
22,20,21,19
22,20,21,19,15

11
11,3
11,3
11,3,9,8
11,3,8,10
15,16
15,16
8,12
17,18
8,10
8,10,11


8
8

17
17
19
8
8,11
8

17
17,21
17,21,16
17,21,16
17,21,16,19,20
17,21,16,19,20,13
17,21,16,19,20,13
17,21,16,19,20,13,14,14
17,21,16,19,20,13,14,14
17,21,16,19,20,13,14,14,15,18
17,21,16,19,20,13,15,18,22
17,21,16,19,20,13,15,18,22
17,21,16,19,20,13,15,18,22
8,5
17,21,16,19,20,13,15,18,22
21,19,20,13,15,18,22
8,5,12
19,20,13,15,18,22
8,5,12,7
8,5,12,7,10
8,5,12,7,10,6
8,12,7,10,6,4
8,12,7,10,6,4,1
8,12,7,10,6,4,1,5
12,7,10,6,4,1,5,3

10,6,4,11
12
12



20
20,19

9
21
13
9,8
13,16
13,16,15
13,16,15,21
13,16,15,21
13,16,15,21,17,18
13,16,15,21,22
13,16,15,21,22
9,8,6
9,8,6
9,8,6,11,12
16,15,21,22,19,20
16,15,21,22,19,20,18
9,8,6,11,12,7
9,8,11,12,7,3
9,8,11,12,7,3,10
9,8,11,12,7,3,10
21,22,19,20
21,22,19,20
9,8,10,4,2
9,8,10,4,2
21,22,19,20,17,18
21,22,19,20,17,18,13
21,22,19,20,17,18,13,16
8,3,7
21,22,20,13,16,15
21,22,20,13,16
8,3,7,12
21,22,16,15
21,22,16,15
21,22,16,15,17,18
8,12,4
21,22,13
21,22,13
8,4,11
8,4,11,12
22,13,15,16
22,13,16
22,13,16,15
8,11,12,3
16,14
14,13
14,13
8,11,12,3,9
8,11,12,3,9,6
14,13,17,18
13,17,18,15
8,11,12,9,6,4
8,11,12,9,6,4,7
13,17,15
13,17,15,14
13,17,15,14
13,15,22,20
8,11,12,9,6,4,7,10
8,11,12,9,6,4,7,10
13,15,22,20
15,22,20
15,22,20
15,22,20
15,14,14,22,20,14,14,14,14,14
15,14,14,22,20,14,14,14,14,14,18
15,14,14,22,20,14,14,14,14,14,18,16
8,9,7,10,3,2
8,9,7,10,3,2,11
8,9,7,10,3,2,11
8,9,7,10,3,2,11,12,6
8,9,7,10,3,2,11,12,6
18,16,17
14,14,14,14,18,16,17
18,16,17,13
18,16,17,13
18,16,17,13
18,16,17,13
16,17,13
8,7,10,11,12,6,1,4
16,17,13
16,17,13
16,17,13
8,7,10,1,4,3
8,7,10,3,11
14
14,22
14,22,20
8,7,10,12
8,7,10,12,11
8,7,10,12,11,2
8,7,10,12,11,2,4


13
13
13
13
14,13,14,14,14,14
13,15
8,7,10,12,11,2,4,3
14,14,14,14,15,14
15,17
8,7,10,12,1
8,7,10,12,4
8,7,10,12,4,3
16
16,17
16,17,20
16,17,20
16,17,20,15,13
16,17,20,15,13
16,17,20,15,13
16,17,20,15,13
16,17,20,15,13,14,14,14,14
8,7,10,12
16,17,15,13,22
8,7,10,12,11
8,7,10,12,11
8,7,10,12,11,4,2
8,7,10,12,11,4,2,6
16
16,17
16,17,18
16,17,18
16,17,18
8,7,10,12
8,7,10,12
8,7,10,12,9,4
8,7,10,12,9,4
8,7,12
16
16,19
8,7,12,3
8,7,12,3,11
8,12,3
8,12,3,7



17,18,16
17,18,16,15
17,18,16,19
17,18,16,19
8,12,3,7,5
17,16,13,21
8,12,3,7,5,10
8,12,3,7,10,6
8,12,3,7,10,6
22
22,19
22,19
22,13
22,13
22,13,18,15
22,13,18,15,14
22,13,18,15,14
22,13,18,15,17,16
22,13,18,15,17,16
22,13,18,15,14,17,16,14,14
22,13,18,15,14,17,16,14,14,19
8,12,7,10,9,5
8,12,7,5,11
8,12,7,11,10
22,14,20
22,14,20
22,14,20
8,12,7,11,10,4
8,12,7,11,10,4,5
22,18,17,16
22,18,17,16
22,18,17,16
8,12,7
8,12,7,9
22,14
22,14
8,7,9,10
22,14
22,14
22,14,17
14,17
14,17
14,17
14,17,16,19,20
14,17,16,19,20
14,17,16,19,20
8,7,9,10,3
8,7,9,10,3,6
19,20,18,13,15
8,7,9,10,3,6,5
19,20,18,15,17
8,7,9,10,3,6,5,1
8,7,9,10,3,6,5,1,4
8,7,9,10,3,6,5,1,4
17,21
17,21,20
17,21,20,13
17,21,20,13
8,7,3,6,5,1,4,12,2
8,7,3,6,5,1,4,12,2,10
21,20,13,15,16
21,20,13,15,16
3,6,5,1,4,12,2,10,9
3,1,4,12,2,10,9,8
20,18,17
20,18,17
20,18,17,19,13
20,18,17,19,13,21
1,4,12,2,9,8,5
1,4,12,2,9,8,5,10
20,13,21,15
1,4,5,10,6
1,4,5,10,6,3
1,4,5,10,6,3,9
20,21
20,21,18
1,4,3,9,12
1,4,9,10
1,4,9,10,6
1,4,10,6,3

1,4,10,6,3,5
21
21
21
21,14,14
21
21,14,14
21
21,14,14
21
4,10,5,12
14,14

14

14

4,10,5,12,8


4,6
4,6


4





13
13
13,22,21

5
5,3
13
5,3,12
5,3,12,10


15,16
15,16,17
10,4
17,19
17,19,18
17,19,18,15
10,12
17,18,15,16
15,16,13
15,16,13,17
10,12,4
10,12,4
10,12,4
12,4,7,1,5
12,4,7,1,5,2

16
16,19
12,7,5
12,7,5
7,5,6,8
7,5,6,8
7,6,8,11,9
7,6,8,11,9
7,6,8,11,9,5,3


18,19
18,19,21
18,19,21,22
18,19,21,22,13
7,6,8,11,9,5,3,12
7,6,8,11,9,5,3,12,10
7,11,9,5,3,12,10,4
13,17
13,17
7,11,9,5,3,12,10,4,2
7,11,9,3,12,10,4,2,6
7,11,9,3,12,10,4,2,6,8
7,11,9,3,12,10,4,2,6,8
18,19
7,3,12,4,2,6,8,5,1
13
7,12,8,10
19
19,18
7,10,9

7,10,9,8
7,10,9,8
7,10,8,11,12

20
20,19
20,19
20,19
7,11,12,1
7,11,12,1,10
7,11,12,1,10,9
20,17,18,16
7,11,12,1,10,9,8
7,11,12,1,10,9,8,6
7,1,10,9,8,6,5
7,1,10,9,8,6,5,12
7,1,10,9,8,6,5,12
7,1,10,9,6,5,12,11,4
7,1,10,9,6,5,12,11,4
7,1,9,6,5,12,11,4,2,3

7,6,5,10
7,6,5,9





8


18,19

22
12
12,11
22
22,13
11,7
11,7
22,13,19
22,13,19
7,9,10
22,17,16
22,17,16,13
22,17,16,13,19
7,9,10,5
7,10,5,1
7,10,5,1
5,1,11,12
1,11,12,6
1,11,12,6
22,17,16,18
1,11,12,6,4,3
1,11,12,6,4,3,9




10,12
17,18
5
5,11
5,11,12
5,11,12,9
19
19,18
5,11,12,9,10
18,17
18,17,13
5,11,12,7
5,11,12,7,6
11,12,7,6,1
18,13,22
18,13,22
12,7,6,1,5
12,7,6,1,5,8
17,19
7,6,8,9
7,6,8,9,5
7,6,8,9,5,10
7,6,8,9,5,10,12
7,6,8,5,10,12,11

16
8,12
8,12
8,12,6

12,11

16
16
16
16,19,17,18
17,18,22
16,17,18,22
16,17,18,22
16,17,18,22,16,21,15
17,18,22,16,21,15,14
17,18,22,16,21,15,19
12,11
11,3
17,18,16,15,19
17,18,16,15,19
17,18,16,15,19,14,13
17,18,16,15,19,14,13,20
17,18,16,15,19,14,13,20,21
11,3,5
11,3,5,9
11,3,5,9,7
14,13,20,21,22
14,13,20,21,22,19
14,13,20,19,17
11,3,5,9,7,12
11,3,5,9,7,12,10
11,3,5,9,7,12,10,6
11,3,5,9,7,12,10,6
19,17,16
19,17,16,21
19,17,16,21,14
19,17,16,21,14,15
19,17,16,21,15,20
11,7,12,10,6,1,2
11,7,12,10,6,1,2,8
11,7,12,10,6,1,2,8,5
21,15,20,14
21,15,20,14,19
21,15,20,14,19
10,8,5,3
10,8,5,3
10,8,5,3,6,12
20,17,22
8,3,6,12,2

13
12,2,4
13,15
12,2,11
12,2,11
19
19
12,2,11,9,10
2,11,9,8
2,11,9,8
2,9,8,7,5
2,7,5,12


17,16
17,16,21

11






18
18,21
18,21,22
18,21,22

8
18,19,20
18,19,20,17
10
10,11
10,11,12
10,11,12
5,7
12


12
12,10

18
18
12,10,8


17,16
17,16
12,10,8
12,10,8,11
12,10,8,11,3

18
18
18,20,21
18,20,21,19
18,21,19,17
18,21,19,17
12,10,8
18,19,17,15,13
12,10,8,7
12,10,8,7,9
18,15,13,21
12,10,8,7,9,5
12,10,8,7,9,5
12,10,8,7,9,5,11,6
12,10,8,7,9,5,11,6,3
12,10,8,11,6,3,4

12,10,8,4,9



12,10,8,4,9
12,10,8,4,9,11

12

20
12
12,7

12,7,5


21,22
21,22,13
21,22,13
21,22,13
21,22,13
21,22,13
21,22,13
21,22,13
12
21,22
21,22
21,22
21,22
21,22
21,22,14
21,22,16
22,20
22,20
12
20,17,18
20,17,18
12,9
20,17,18,16,19
20,17,18,16,19,15
12,9,7
20,17,18,16,19,15
20,17,18,16,19,15
20,17,18,16,19,15
12,9,7,6
17,18,16,19,15
18,16,19,15
12,9,7,6,11
12,9,7,6,11
12,7,6,11,5,3
12,7,6,11,5,3,1


12,11





12,11

20
20,15
12,11,10


12,11,10,8
12,11,10,8,5
19
13
13
12,11,8,5,3
12,11,8,5,3
12,11,8,5,3,9,10
12,11,8,3,9,10,7
12,11,8,3,9,10,7


12,8,3,7
12,8,3,7,9
8,3,9,10

8
8,9

17

8
8,9


8,7
8,7

7


19
19
7

17
7,9

19
19
7,3
3,11
3,11,5


15
15
16
16
16
16
16
16
16
16
16,21,20
16,21,20
16,21,20
16,21,20
16,21,20
16,21,20
16,21,20
16,21,20
16,21,20
16,21,20
20,15
20,15
20,15,19

20,19
20,19
20,19
20,19
20,19

10
10,6
14
14
6,5
6,5,9
14
6,5,9,11
6,5,9,11,1
6,5,9,11,1
6,5,1,2,4
14
6,5
6,5
6,5

10,8
7
7,3
7,3,8
7,3,8
7,3,8


18,19
18,19,20
7,3,8,2,4,6
7,3,8,2,4,6
7,3,8,2,4,6,9,11


20,19
20,19,22
20,19,22
20,19,22,21,18
20,19,22,21,18,13
20,19,22,21,18,13
20,19,22,21,18,13,15,16
20,19,22,21,18,13,15,16,17
20,19,22,21,18,13,15,16,17
20,19,22,21,18,13,15,16,17

8
8,5
8,5,11
8,5,11,10
8,5,11,10
8,5,11,10
8,5,11,10
8,5,11,10,4,3,2,1
14,14,14
13
14,14,14,13,14
8,5,11,6
19
19
8,5,11,7
14,14,14,14,14,14
14,14,14,14,14,14,20
14,14,14,14,14,14,20,22
14,14,14,14,14,14,20,22,15
14,14,14,14,14,14,20,22,15,13
14,14,14,14,14,14,20,22,15,13,18
8,5,11,9
8,5,11,9,10
14,14,14,14,14,14,22,18,17
8,5,11,9,10,4
8,5,11,9,10,4,7
8,5,11,9,10,4,7,2
8,5,11,9,10,4,7,2,12
8,5,11,9,4,7,2,12,1
8,5,11,9,4,12,1,10
8,5,11,4,12,1,10,7
14
13
13
13

8,5,11
8,5,11,2
14,14,14,14,14

14,14,14,14,14
19
14,14,14,14,14,19
14,14,14,14,14,19,14,13
19,13,15
14,14,14,14,14,19,14,13,15
19,13,15,17


9,7
9,7,10
9,7,10,6
14,14,14,14,14,14,14,17,14
9,7,10,6,12
12,4
14,14,14,14,14,14,14,14
20
20
20
20
20

10










14,14,14,14,14,14,14,14,14,14,14,14,14,14,14,14
14,14,14,14,14,14,14,14,14,14,14,14,14,14,14,14
14,14,14,14,14,14,14,14,14,14,14,14,14,14,14,14
14,14,14,14,14,14,14,14,14,14,14,14,14,14,18,17,19
14,14,14,14,14,14,14,14,14,14,14,14,14,14,13
14,14,14,14,14,14,14,14,14,14,14,14,14,14,13,21

12



13
13
13,20,19
13,20,19

11
11,12
20,19,21,22
20,19,21,22
11,12,9
11,12,9,7
11,12,9,7
21,22,16,17
11,12,9,7,6,8
9,7,6,8,5
21,22
21,22
21,22,13
21,22,13
13
9,7,6,8,5,12
9,7,6,8,5,12,3
13,14,14,14
13,14,14,14
9,7,6,8,5,12,3,4
18,19
18,19,20
18,19,20
9,12,3,4
18,19,15
9,12,3,4,6
18,19,21
9,12,6,11
21,17
9,12,6,11,10
12,6,10,7
12,6,10,7,8
12

12,11

12,9

19
19
19
12
17,16,18
12,10
12,10
20
12


18,19
12,8
12,8,9
12,8,9

13
13
13,21,22
12,8,9
12,8,9
12,8,9,11,10


12,8,9,11,10,1
12,8,9,11,10,1
17,16
8,11,10,1,6,4
8,11,10,1,6,4,9

1


17,16
17,16,13
17,16,13,15
17,16,15,18
17,16,15,18
17,16,15,18
9
9,11
9,11
9,11,5,3
5,3,7
5,3,7,12
17
17,21
17,21,22
17,21,22,15
17,21,22,15,13
10
10,6
10,6,8
10,6,8,11
10,6,8,11,9
10,11,9,5


10,11,9,3
10,11,9,3


10,11,9,3,6,8
3,6,8

17
17,16
17,16
17,16,21,20
17,16,21,20,13
17,16,21,20,13,18
3,6,8
17,16,21,20,13,18,19
17,16,21,20,13,18,19
6,8,11
6,8,11,12
6,8,11,12,9
6,8,11,12,9,10
6,8,11,12,9,10,5
21,20,15,22
6,8,11,12,9,10,5,4
21,20,22,19
21,20,19,17
6,8,12,9,10,4,3
6,8,9,10,3,5
6,8,9,10,5,11
6,8,5,11,3

20
9

20
9,8
22
22
22,18,19
8,5
5,1
5,1,10

10
10,6

19
19
19
19
10
12

18
18,19
8
8
17
17,22
17,22,18
8
8,4
8,4,9
17
17,19
17,19
8
8,5
17
20
20,18
8
8,9
8,9

8,9

20
20
8,9,11
22,21
22,21,13
22,21,13
22,21,13
22,21,13,14,14,14
22,21,13,16
22,21,13,14,14,14,16,14
22,21,13,16,20
8,9,7
8,9,7,5
13,16,20
13,16,14,20,14,14
8,9,5,6
8,9,5,6,10
8,9,5,6,10,1
8,9,5,6,10,1,2
8,9,5,6,10,1,2,3

13
13,18
8,9,1,4
8,9,1,4,12
18,19
18,19
18,19,15,13
18,19,15,13,14
19,13,16
19,13,14,16
19,13,16
19,13,14,16
19,13,16
19,13,14,16
19,13,16
19,13,14,16
19,13,16
19,13,14,16
19,13,16
19,13,14,16
19,13,16
19,13,14,16
19,13,16
19,13,14,16
19,13,16
19,13,14,16
19,13,16
19,13,14,16
19,13,16
19,13,14,16
19,13,16
19,13,14,16
19,13,16
8,9,1,4,12
19,13,14,16
19,13,16,15
8,9,1,4,11
19,14
19,16
9,1,4,6
19,16
19,16
9,1,4,11
20,21
20,21
9,4,12
9,4,12
9,4,12,5,7
20,16
20,16,18
12,5,7
12,5,7,9

12

19
19,20
19,16
19,16
12
12
19,16,18,17
7,5
7,5,4
19,18,20
19,18,20
7,5,4,9
9,10
9,10,11
19
19
10,11,6
10,11,6
19
10
18
18,17
18,17
18,17
10,9
10,9,8
10,9,8,12
10,9,8,12,6


14


9,8,4
14,14
14,14
9,8,4,12
9,8,4,12,11

20
20
20,18,17
20,18,17,15
20,18,17,15
20,18,17,15
20,18,17,15
20,18,17,15
20,18,17,15
20,18,17,15
9,8,4
9,8,4,6
18,15
18,15,13
18,15,13
9,4,6,12
9,4,5
9,4,5,12
9,4,5,12
9,4,5,12,3,1
9,4,5,12,3,1


18,19
3,1
18,19,21
18,19,21,13
18,19,21,13
18,19,21,13
3,1,12
3,1,12,9
3,1,12,9,10
3,1,12,9,10,7

3,1,12,6
3,1,12,6
15
15,18
15,18
15,18
3,1,12,6,8,7
18,17,13,16
18,17,13,16,19
18,17,13,16,19
3,1,12,8,7,5
3,1,12,8,7,5
3,1,12,8,7,5,2,4
3,1,12,2,4,11
3,1,12,2,4,11


16,17
9,10
9,10
9,10,8,7
8,7,5



19
19,18
19,18

18,20,21
10
10,8
10,8
10,8,9,11
13
13

10
10


18,19
18,19,21
6
9
9,11
9,11,10

18
9,11,10,6
9,11,10,6,7
11,10,6,7,8

18
18,21

18,21,16
18
18
18
18,17,20,15



17
17,14
17,14
17,21,22
17,21,22
17,21,22

21,22,14,14
21,22,13
21,22,13,16
16,17
9
9,4
9,4,12
16,15
16,15
4,12,10
4,12,10
15,22,21
15,22,21
15,22,21,17,16
15,22,21,17,16,18
15,22,21,17,16,18
15,22,21,17,16,18
15,22,21,17,16,18,14,13,19
15,22,21,17,16,18,13,19,20
22,21,17,16,18,14,13,19,20,14
4,10,7,9
4,10,7,9
4,10,7,9,8,5
22,21,14,13,19,20,14,15
7,9,8,5,12
7,9,8,5,12,3
7,9,8,5,12,3,4
9,8,5,12,3,4,10
9,8,5,12,3,4,10
9,8,5,12,3,4,10,7,2
18
14,18
18,15
18,15
18,14,15,14,14
15,14,14,20
5,12,3,4,10,7,2,1
15,14,20,16
15,14,20,16,17
15,14,20,16,17
14,20,16,17,21,22
12,3,4,10,7,2,1,8
14,20,16,17,21,22,19
14,20,16,17,21,22,19,15
20,16,17,21,22,19,15,13
20,16,17,21,22,19,15,13
3,1,8,9
16,17,19,15,13
3,8,9,5
3,8,9,5
16,17,19,15,13,14,14,14
16,17,19,15,13,14,14,14
3,8,9,5,1,2
16,17,15,13,21,20
16,17,21,20
3,8,9,5,1,2,4
16,17,14,14,21,20,14,14
16,17,14,14,21,20,14,14
16,17,14,14,21,20,14,14
16,17,14,14,21,20,14,14,22,18,19
3,8,9,5,1,2,4,12
17,14,14,21,20,14,14,22,18,19,15
8,9,5,1,2,4,12,10
8,9,5,1,2,4,12,10,7
8,5,1,2,4,12,10,7,3
8,5,1,2,4,12,10,7,3,11
21,20,14,14,22,18,19,15,13
5,1,2,4,12,10,7,3,11,9
5,1,2,4,12,10,7,3,11,9
5,1,2,4,12,10,7,3,11,6,8
22,18,19,17
1,2,4,12,10,7,3,11,6,8,9
22,18,19,17,20
1,2,4,12,10,3,11,6,8,9,5
22,18,19,17,20,13
2,3,11,6,8,9,5,7
2,3,11,6,8,9,5,7,10
3,11,6,8,9,5,7,10,12
13,16
13,16,17
3,11,5,7,10,12,4
17,18
3,11,5,7,10,12,4,9
3,11,5,10,12,4,9,8
3,11,5,10,4,8,6


3,11,5,10,8,6,9
13
13
13



9

9,6
9,6

20
20
14,13
14,13
14,13
14,13
9
14,13,17,18,19
13,17,18,19,16
13,17,18,19,16
13,17,18,19,16,14,14
13,17,18,19,16,14,14
13,17,18,19,16,21,22
9,10
13,17,18,19,16,21,22
13,17,18,19,16,21,22
13,17,18,19,16,14,14,21,22,14,14
10,3
13,17,18,19,16,14,14,21,22,14,14,14,15
10,3,8
10,3,8
10,3,8,4,5
20
15,20
15,20
15,20,15,17,16
15,20,15,17,16
15,17,16,21,19
10,8,4,5,7
15,17,16,21,19,22
15,17,16,21,19,22,18
8,4,5,7,9
8,4,5,7,9,10
4,5,7,9,10,12
4,5,7,9,10,12
4,5,7,9,10,12,2,11
4,5,7,9,10,12,2,11,8
16,20
16,14
16,17
16,14,17,14
7,10,12,2,11,8,3
16,17,22
16,14,17,14,22
16,14,17,14,22,14,19
16,14,17,14,22,14,19,20
7,10,12,2,11,8,3,1
14,17,14,22,14,19,20,21
7,10,12,2,11,8,3,1,9
7,10,12,2,11,8,3,1,9,5
7,10,12,2,11,8,3,1,9,5,6
14,19,20,21,15
7,10,12,3,1,9,5,6,4
19,20,21,15,17
14,19,20,21,15,17
14,15,17,14,22
7,10,12,3,1,9,5,6,4,2
7,10,12,3,1,9,5,6,4,2
15,17,14,22,20
15,17,14,22,20
7,10,12,9,5,6,4,2,11,8
7,10,12,9,5,4,2,11,8,3
17,20,19,21
17,20,19,21,15
7,10,12,5,4,2,11,8,3,1
7,10,12,2,11,8,3,1,6
7,10,12,2,11,8,3,1,6,9
7,10,12,2,11,8,3,1,6,9,5
20,19,21,15,22
7,10,12,11,8,3,1,6,9,5,4
7,10,11,8,3,1,6,9,5,4,2
10,11,8,3,1,6,9,5,4,2,12
10,3,1,6,9,5,4,2,12,7
10,3,1,6,9,5,4,2,12,7,11
1,6,9,5,4,2,12,7,11,8
13
13
1,6,9,5,4,2,12,7,11,8,10
19,20
9,4,2,7,11,8,10,3
9,4,2,7,11,8,10,3
20
20,21
21,15
2,7,10,3,5,6
7,10,3,5,6,12
5,6,12,11
15,22
5,6,12,11,7
5,6,12,11,7,3
5,6,12,11,7,3,9

14
5,6,12,7,3,9,10
21
12,3,9,10,8
19
19
19

12,3,8
12,3,8,7
12,3,8,7,9

15
15,14
15,19
15,14,19,14
15,19,14,21
15,19,21,22
15,19,21,22
15,19,14,21,22,14
15,19,14,21,22,14
15,19,21,22,13,20
15,19,21,22,13,20
12,3
15,22,13,20
13,20,21
12,3,6
12,3,6,2
12,3,6,2
13,20,21,19
3,6,2,9,5
13,19,15
3,6,2,9,5,10
13,19,15,22
3,6,2,9,5,10,12
13,22,21
13,22,21,19
10,12,7
10,7,11
10,7,11,1
10,7,11,1,5
10,7,11,1,5
10,7,11,1,5,4,6
10,7,11,1,5,4,6,2
10,7,11,1,5,4,6,2
10,7,11,1,5,4,6,2,12,8
19,20
10,7,11,1,5,4,6,2,12,8,9
10,11,1,5,4,6,2,12,8,9,3
11,1,5,4,6,2,12,8,9,3,7
11,5,4,6,2,12,8,9,3,7,10
11,5,4,6,12,8,3,7,10,1
11,5,4,6,12,8,3,7,10,1


19,20
5,3,1,2,9
3,10


3,7
3,7,8




5,3
5,3

12
12


15
15

15
19
19
19,16,17
19,16,17
11
10
19,17,22,21
17,22,21
19,17,22,21,20,19
10,12
10,12,6
10,12,6
20,19,15
10,12,6,3,4
10,6,3,4,9
10,6,3,4,9,11
6,3,4,9,11,7

21
